 0.00000000e+00  1.15463372e+00 
 1.00000000e-08  1.15463372e+00 
 2.00000000e-08  1.15463372e+00 
 4.00000000e-08  1.15463372e+00 
 8.00000000e-08  1.15463372e+00 
 1.60000000e-07  1.15463372e+00 
 3.20000000e-07  1.15463372e+00 
 6.40000000e-07  1.15463372e+00 
 1.28000000e-06  1.15463372e+00 
 2.28000000e-06  1.15463372e+00 
 3.28000000e-06  1.15463372e+00 
 4.28000000e-06  1.15463372e+00 
 5.28000000e-06  1.15463372e+00 
 6.28000000e-06  1.15463372e+00 
 7.28000000e-06  1.15463372e+00 
 8.28000000e-06  1.15463372e+00 
 9.28000000e-06  1.15463372e+00 
 1.02800000e-05  1.15463372e+00 
 1.12800000e-05  1.15463372e+00 
 1.22800000e-05  1.15463372e+00 
 1.32800000e-05  1.15463372e+00 
 1.42800000e-05  1.15463372e+00 
 1.52800000e-05  1.15463372e+00 
 1.62800000e-05  1.15463372e+00 
 1.72800000e-05  1.15463372e+00 
 1.82800000e-05  1.15463372e+00 
 1.92800000e-05  1.15463372e+00 
 2.02800000e-05  1.15463372e+00 
 2.12800000e-05  1.15463372e+00 
 2.22800000e-05  1.15463372e+00 
 2.32800000e-05  1.15463372e+00 
 2.42800000e-05  1.15463372e+00 
 2.52800000e-05  1.15463372e+00 
 2.62800000e-05  1.15463372e+00 
 2.72800000e-05  1.15463372e+00 
 2.82800000e-05  1.15463372e+00 
 2.92800000e-05  1.15463372e+00 
 3.02800000e-05  1.15463372e+00 
 3.12800000e-05  1.15463372e+00 
 3.22800000e-05  1.15463372e+00 
 3.32800000e-05  1.15463372e+00 
 3.42800000e-05  1.15463372e+00 
 3.52800000e-05  1.15463372e+00 
 3.62800000e-05  1.15463372e+00 
 3.72800000e-05  1.15463372e+00 
 3.82800000e-05  1.15463372e+00 
 3.92800000e-05  1.15463372e+00 
 4.02800000e-05  1.15463372e+00 
 4.12800000e-05  1.15463372e+00 
 4.22800000e-05  1.15463372e+00 
 4.32800000e-05  1.15463372e+00 
 4.42800000e-05  1.15463372e+00 
 4.52800000e-05  1.15463372e+00 
 4.62800000e-05  1.15463372e+00 
 4.72800000e-05  1.15463372e+00 
 4.82800000e-05  1.15463372e+00 
 4.92800000e-05  1.15463372e+00 
 5.02800000e-05  1.15463372e+00 
 5.12800000e-05  1.15463372e+00 
 5.22800000e-05  1.15463372e+00 
 5.32800000e-05  1.15463372e+00 
 5.42800000e-05  1.15463372e+00 
 5.52800000e-05  1.15463372e+00 
 5.62800000e-05  1.15463372e+00 
 5.72800000e-05  1.15463372e+00 
 5.82800000e-05  1.15463372e+00 
 5.92800000e-05  1.15463372e+00 
 6.02800000e-05  1.15463372e+00 
 6.12800000e-05  1.15463372e+00 
 6.22800000e-05  1.15463372e+00 
 6.32800000e-05  1.15463372e+00 
 6.42800000e-05  1.15463372e+00 
 6.52800000e-05  1.15463372e+00 
 6.62800000e-05  1.15463372e+00 
 6.72800000e-05  1.15463372e+00 
 6.82800000e-05  1.15463372e+00 
 6.92800000e-05  1.15463372e+00 
 7.02800000e-05  1.15463372e+00 
 7.12800000e-05  1.15463372e+00 
 7.22800000e-05  1.15463372e+00 
 7.32800000e-05  1.15463372e+00 
 7.42800000e-05  1.15463372e+00 
 7.52800000e-05  1.15463372e+00 
 7.62800000e-05  1.15463372e+00 
 7.72800000e-05  1.15463372e+00 
 7.82800000e-05  1.15463372e+00 
 7.92800000e-05  1.15463372e+00 
 8.02800000e-05  1.15463372e+00 
 8.12800000e-05  1.15463372e+00 
 8.22800000e-05  1.15463372e+00 
 8.32800000e-05  1.15463372e+00 
 8.42800000e-05  1.15463372e+00 
 8.52800000e-05  1.15463372e+00 
 8.62800000e-05  1.15463372e+00 
 8.72800000e-05  1.15463372e+00 
 8.82800000e-05  1.15463372e+00 
 8.92800000e-05  1.15463372e+00 
 9.02800000e-05  1.15463372e+00 
 9.12800000e-05  1.15463372e+00 
 9.22800000e-05  1.15463372e+00 
 9.32800000e-05  1.15463372e+00 
 9.42800000e-05  1.15463372e+00 
 9.52800000e-05  1.15463372e+00 
 9.62800000e-05  1.15463372e+00 
 9.72800000e-05  1.15463372e+00 
 9.82800000e-05  1.15463372e+00 
 9.92800000e-05  1.15463372e+00 
 1.00280000e-04  1.15463372e+00 
 1.01280000e-04  1.15463372e+00 
 1.02280000e-04  1.15463372e+00 
 1.03280000e-04  1.15463372e+00 
 1.04280000e-04  1.15463372e+00 
 1.05280000e-04  1.15463372e+00 
 1.06280000e-04  1.15463372e+00 
 1.07280000e-04  1.15463372e+00 
 1.08280000e-04  1.15463372e+00 
 1.09280000e-04  1.15463372e+00 
 1.10280000e-04  1.15463372e+00 
 1.11280000e-04  1.15463372e+00 
 1.12280000e-04  1.15463372e+00 
 1.13280000e-04  1.15463372e+00 
 1.14280000e-04  1.15463372e+00 
 1.15280000e-04  1.15463372e+00 
 1.16280000e-04  1.15463372e+00 
 1.17280000e-04  1.15463372e+00 
 1.18280000e-04  1.15463372e+00 
 1.19280000e-04  1.15463372e+00 
 1.20280000e-04  1.15463372e+00 
 1.21280000e-04  1.15463372e+00 
 1.22280000e-04  1.15463372e+00 
 1.23280000e-04  1.15463372e+00 
 1.24280000e-04  1.15463372e+00 
 1.25280000e-04  1.15463372e+00 
 1.26280000e-04  1.15463372e+00 
 1.27280000e-04  1.15463372e+00 
 1.28280000e-04  1.15463372e+00 
 1.29280000e-04  1.15463372e+00 
 1.30280000e-04  1.15463372e+00 
 1.31280000e-04  1.15463372e+00 
 1.32280000e-04  1.15463372e+00 
 1.33280000e-04  1.15463372e+00 
 1.34280000e-04  1.15463372e+00 
 1.35280000e-04  1.15463372e+00 
 1.36280000e-04  1.15463372e+00 
 1.37280000e-04  1.15463372e+00 
 1.38280000e-04  1.15463372e+00 
 1.39280000e-04  1.15463372e+00 
 1.40280000e-04  1.15463372e+00 
 1.41280000e-04  1.15463372e+00 
 1.42280000e-04  1.15463372e+00 
 1.43280000e-04  1.15463372e+00 
 1.44280000e-04  1.15463372e+00 
 1.45280000e-04  1.15463372e+00 
 1.46280000e-04  1.15463372e+00 
 1.47280000e-04  1.15463372e+00 
 1.48280000e-04  1.15463372e+00 
 1.49280000e-04  1.15463372e+00 
 1.50280000e-04  1.15463372e+00 
 1.51280000e-04  1.15463372e+00 
 1.52280000e-04  1.15463372e+00 
 1.53280000e-04  1.15463372e+00 
 1.54280000e-04  1.15463372e+00 
 1.55280000e-04  1.15463372e+00 
 1.56280000e-04  1.15463372e+00 
 1.57280000e-04  1.15463372e+00 
 1.58280000e-04  1.15463372e+00 
 1.59280000e-04  1.15463372e+00 
 1.60280000e-04  1.15463372e+00 
 1.61280000e-04  1.15463372e+00 
 1.62280000e-04  1.15463372e+00 
 1.63280000e-04  1.15463372e+00 
 1.64280000e-04  1.15463372e+00 
 1.65280000e-04  1.15463372e+00 
 1.66280000e-04  1.15463372e+00 
 1.67280000e-04  1.15463372e+00 
 1.68280000e-04  1.15463372e+00 
 1.69280000e-04  1.15463372e+00 
 1.70280000e-04  1.15463372e+00 
 1.71280000e-04  1.15463372e+00 
 1.72280000e-04  1.15463372e+00 
 1.73280000e-04  1.15463372e+00 
 1.74280000e-04  1.15463372e+00 
 1.75280000e-04  1.15463372e+00 
 1.76280000e-04  1.15463372e+00 
 1.77280000e-04  1.15463372e+00 
 1.78280000e-04  1.15463372e+00 
 1.79280000e-04  1.15463372e+00 
 1.80280000e-04  1.15463372e+00 
 1.81280000e-04  1.15463372e+00 
 1.82280000e-04  1.15463372e+00 
 1.83280000e-04  1.15463372e+00 
 1.84280000e-04  1.15463372e+00 
 1.85280000e-04  1.15463372e+00 
 1.86280000e-04  1.15463372e+00 
 1.87280000e-04  1.15463372e+00 
 1.88280000e-04  1.15463372e+00 
 1.89280000e-04  1.15463372e+00 
 1.90280000e-04  1.15463372e+00 
 1.91280000e-04  1.15463372e+00 
 1.92280000e-04  1.15463372e+00 
 1.93280000e-04  1.15463372e+00 
 1.94280000e-04  1.15463372e+00 
 1.95280000e-04  1.15463372e+00 
 1.96280000e-04  1.15463372e+00 
 1.97280000e-04  1.15463372e+00 
 1.98280000e-04  1.15463372e+00 
 1.99280000e-04  1.15463372e+00 
 2.00280000e-04  1.15463372e+00 
 2.01280000e-04  1.15463372e+00 
 2.02280000e-04  1.15463372e+00 
 2.03280000e-04  1.15463372e+00 
 2.04280000e-04  1.15463372e+00 
 2.05280000e-04  1.15463372e+00 
 2.06280000e-04  1.15463372e+00 
 2.07280000e-04  1.15463372e+00 
 2.08280000e-04  1.15463372e+00 
 2.09280000e-04  1.15463372e+00 
 2.10280000e-04  1.15463372e+00 
 2.11280000e-04  1.15463372e+00 
 2.12280000e-04  1.15463372e+00 
 2.13280000e-04  1.15463372e+00 
 2.14280000e-04  1.15463372e+00 
 2.15280000e-04  1.15463372e+00 
 2.16280000e-04  1.15463372e+00 
 2.17280000e-04  1.15463372e+00 
 2.18280000e-04  1.15463372e+00 
 2.19280000e-04  1.15463372e+00 
 2.20280000e-04  1.15463372e+00 
 2.21280000e-04  1.15463372e+00 
 2.22280000e-04  1.15463372e+00 
 2.23280000e-04  1.15463372e+00 
 2.24280000e-04  1.15463372e+00 
 2.25280000e-04  1.15463372e+00 
 2.26280000e-04  1.15463372e+00 
 2.27280000e-04  1.15463372e+00 
 2.28280000e-04  1.15463372e+00 
 2.29280000e-04  1.15463372e+00 
 2.30280000e-04  1.15463372e+00 
 2.31280000e-04  1.15463372e+00 
 2.32280000e-04  1.15463372e+00 
 2.33280000e-04  1.15463372e+00 
 2.34280000e-04  1.15463372e+00 
 2.35280000e-04  1.15463372e+00 
 2.36280000e-04  1.15463372e+00 
 2.37280000e-04  1.15463372e+00 
 2.38280000e-04  1.15463372e+00 
 2.39280000e-04  1.15463372e+00 
 2.40280000e-04  1.15463372e+00 
 2.41280000e-04  1.15463372e+00 
 2.42280000e-04  1.15463372e+00 
 2.43280000e-04  1.15463372e+00 
 2.44280000e-04  1.15463372e+00 
 2.45280000e-04  1.15463372e+00 
 2.46280000e-04  1.15463372e+00 
 2.47280000e-04  1.15463372e+00 
 2.48280000e-04  1.15463372e+00 
 2.49280000e-04  1.15463372e+00 
 2.50280000e-04  1.15463372e+00 
 2.51280000e-04  1.15463372e+00 
 2.52280000e-04  1.15463372e+00 
 2.53280000e-04  1.15463372e+00 
 2.54280000e-04  1.15463372e+00 
 2.55280000e-04  1.15463372e+00 
 2.56280000e-04  1.15463372e+00 
 2.57280000e-04  1.15463372e+00 
 2.58280000e-04  1.15463372e+00 
 2.59280000e-04  1.15463372e+00 
 2.60280000e-04  1.15463372e+00 
 2.61280000e-04  1.15463372e+00 
 2.62280000e-04  1.15463372e+00 
 2.63280000e-04  1.15463372e+00 
 2.64280000e-04  1.15463372e+00 
 2.65280000e-04  1.15463372e+00 
 2.66280000e-04  1.15463372e+00 
 2.67280000e-04  1.15463372e+00 
 2.68280000e-04  1.15463372e+00 
 2.69280000e-04  1.15463372e+00 
 2.70280000e-04  1.15463372e+00 
 2.71280000e-04  1.15463372e+00 
 2.72280000e-04  1.15463372e+00 
 2.73280000e-04  1.15463372e+00 
 2.74280000e-04  1.15463372e+00 
 2.75280000e-04  1.15463372e+00 
 2.76280000e-04  1.15463372e+00 
 2.77280000e-04  1.15463372e+00 
 2.78280000e-04  1.15463372e+00 
 2.79280000e-04  1.15463372e+00 
 2.80280000e-04  1.15463372e+00 
 2.81280000e-04  1.15463372e+00 
 2.82280000e-04  1.15463372e+00 
 2.83280000e-04  1.15463372e+00 
 2.84280000e-04  1.15463372e+00 
 2.85280000e-04  1.15463372e+00 
 2.86280000e-04  1.15463372e+00 
 2.87280000e-04  1.15463372e+00 
 2.88280000e-04  1.15463372e+00 
 2.89280000e-04  1.15463372e+00 
 2.90280000e-04  1.15463372e+00 
 2.91280000e-04  1.15463372e+00 
 2.92280000e-04  1.15463372e+00 
 2.93280000e-04  1.15463372e+00 
 2.94280000e-04  1.15463372e+00 
 2.95280000e-04  1.15463372e+00 
 2.96280000e-04  1.15463372e+00 
 2.97280000e-04  1.15463372e+00 
 2.98280000e-04  1.15463372e+00 
 2.99280000e-04  1.15463372e+00 
 3.00280000e-04  1.15463372e+00 
 3.01280000e-04  1.15463372e+00 
 3.02280000e-04  1.15463372e+00 
 3.03280000e-04  1.15463372e+00 
 3.04280000e-04  1.15463372e+00 
 3.05280000e-04  1.15463372e+00 
 3.06280000e-04  1.15463372e+00 
 3.07280000e-04  1.15463372e+00 
 3.08280000e-04  1.15463372e+00 
 3.09280000e-04  1.15463372e+00 
 3.10280000e-04  1.15463372e+00 
 3.11280000e-04  1.15463372e+00 
 3.12280000e-04  1.15463372e+00 
 3.13280000e-04  1.15463372e+00 
 3.14280000e-04  1.15463372e+00 
 3.15280000e-04  1.15463372e+00 
 3.16280000e-04  1.15463372e+00 
 3.17280000e-04  1.15463372e+00 
 3.18280000e-04  1.15463372e+00 
 3.19280000e-04  1.15463372e+00 
 3.20280000e-04  1.15463372e+00 
 3.21280000e-04  1.15463372e+00 
 3.22280000e-04  1.15463372e+00 
 3.23280000e-04  1.15463372e+00 
 3.24280000e-04  1.15463372e+00 
 3.25280000e-04  1.15463372e+00 
 3.26280000e-04  1.15463372e+00 
 3.27280000e-04  1.15463372e+00 
 3.28280000e-04  1.15463372e+00 
 3.29280000e-04  1.15463372e+00 
 3.30280000e-04  1.15463372e+00 
 3.31280000e-04  1.15463372e+00 
 3.32280000e-04  1.15463372e+00 
 3.33280000e-04  1.15463372e+00 
 3.34280000e-04  1.15463372e+00 
 3.35280000e-04  1.15463372e+00 
 3.36280000e-04  1.15463372e+00 
 3.37280000e-04  1.15463372e+00 
 3.38280000e-04  1.15463372e+00 
 3.39280000e-04  1.15463372e+00 
 3.40280000e-04  1.15463372e+00 
 3.41280000e-04  1.15463372e+00 
 3.42280000e-04  1.15463372e+00 
 3.43280000e-04  1.15463372e+00 
 3.44280000e-04  1.15463372e+00 
 3.45280000e-04  1.15463372e+00 
 3.46280000e-04  1.15463372e+00 
 3.47280000e-04  1.15463372e+00 
 3.48280000e-04  1.15463372e+00 
 3.49280000e-04  1.15463372e+00 
 3.50280000e-04  1.15463372e+00 
 3.51280000e-04  1.15463372e+00 
 3.52280000e-04  1.15463372e+00 
 3.53280000e-04  1.15463372e+00 
 3.54280000e-04  1.15463372e+00 
 3.55280000e-04  1.15463372e+00 
 3.56280000e-04  1.15463372e+00 
 3.57280000e-04  1.15463372e+00 
 3.58280000e-04  1.15463372e+00 
 3.59280000e-04  1.15463372e+00 
 3.60280000e-04  1.15463372e+00 
 3.61280000e-04  1.15463372e+00 
 3.62280000e-04  1.15463372e+00 
 3.63280000e-04  1.15463372e+00 
 3.64280000e-04  1.15463372e+00 
 3.65280000e-04  1.15463372e+00 
 3.66280000e-04  1.15463372e+00 
 3.67280000e-04  1.15463372e+00 
 3.68280000e-04  1.15463372e+00 
 3.69280000e-04  1.15463372e+00 
 3.70280000e-04  1.15463372e+00 
 3.71280000e-04  1.15463372e+00 
 3.72280000e-04  1.15463372e+00 
 3.73280000e-04  1.15463372e+00 
 3.74280000e-04  1.15463372e+00 
 3.75280000e-04  1.15463372e+00 
 3.76280000e-04  1.15463372e+00 
 3.77280000e-04  1.15463372e+00 
 3.78280000e-04  1.15463372e+00 
 3.79280000e-04  1.15463372e+00 
 3.80280000e-04  1.15463372e+00 
 3.81280000e-04  1.15463372e+00 
 3.82280000e-04  1.15463372e+00 
 3.83280000e-04  1.15463372e+00 
 3.84280000e-04  1.15463372e+00 
 3.85280000e-04  1.15463372e+00 
 3.86280000e-04  1.15463372e+00 
 3.87280000e-04  1.15463372e+00 
 3.88280000e-04  1.15463372e+00 
 3.89280000e-04  1.15463372e+00 
 3.90280000e-04  1.15463372e+00 
 3.91280000e-04  1.15463372e+00 
 3.92280000e-04  1.15463372e+00 
 3.93280000e-04  1.15463372e+00 
 3.94280000e-04  1.15463372e+00 
 3.95280000e-04  1.15463372e+00 
 3.96280000e-04  1.15463372e+00 
 3.97280000e-04  1.15463372e+00 
 3.98280000e-04  1.15463372e+00 
 3.99280000e-04  1.15463372e+00 
 4.00280000e-04  1.15463372e+00 
 4.01280000e-04  1.15463372e+00 
 4.02280000e-04  1.15463372e+00 
 4.03280000e-04  1.15463372e+00 
 4.04280000e-04  1.15463372e+00 
 4.05280000e-04  1.15463372e+00 
 4.06280000e-04  1.15463372e+00 
 4.07280000e-04  1.15463372e+00 
 4.08280000e-04  1.15463372e+00 
 4.09280000e-04  1.15463372e+00 
 4.10280000e-04  1.15463372e+00 
 4.11280000e-04  1.15463372e+00 
 4.12280000e-04  1.15463372e+00 
 4.13280000e-04  1.15463372e+00 
 4.14280000e-04  1.15463372e+00 
 4.15280000e-04  1.15463372e+00 
 4.16280000e-04  1.15463372e+00 
 4.17280000e-04  1.15463372e+00 
 4.18280000e-04  1.15463372e+00 
 4.19280000e-04  1.15463372e+00 
 4.20280000e-04  1.15463372e+00 
 4.21280000e-04  1.15463372e+00 
 4.22280000e-04  1.15463372e+00 
 4.23280000e-04  1.15463372e+00 
 4.24280000e-04  1.15463372e+00 
 4.25280000e-04  1.15463372e+00 
 4.26280000e-04  1.15463372e+00 
 4.27280000e-04  1.15463372e+00 
 4.28280000e-04  1.15463372e+00 
 4.29280000e-04  1.15463372e+00 
 4.30280000e-04  1.15463372e+00 
 4.31280000e-04  1.15463372e+00 
 4.32280000e-04  1.15463372e+00 
 4.33280000e-04  1.15463372e+00 
 4.34280000e-04  1.15463372e+00 
 4.35280000e-04  1.15463372e+00 
 4.36280000e-04  1.15463372e+00 
 4.37280000e-04  1.15463372e+00 
 4.38280000e-04  1.15463372e+00 
 4.39280000e-04  1.15463372e+00 
 4.40280000e-04  1.15463372e+00 
 4.41280000e-04  1.15463372e+00 
 4.42280000e-04  1.15463372e+00 
 4.43280000e-04  1.15463372e+00 
 4.44280000e-04  1.15463372e+00 
 4.45280000e-04  1.15463372e+00 
 4.46280000e-04  1.15463372e+00 
 4.47280000e-04  1.15463372e+00 
 4.48280000e-04  1.15463372e+00 
 4.49280000e-04  1.15463372e+00 
 4.50280000e-04  1.15463372e+00 
 4.51280000e-04  1.15463372e+00 
 4.52280000e-04  1.15463372e+00 
 4.53280000e-04  1.15463372e+00 
 4.54280000e-04  1.15463372e+00 
 4.55280000e-04  1.15463372e+00 
 4.56280000e-04  1.15463372e+00 
 4.57280000e-04  1.15463372e+00 
 4.58280000e-04  1.15463372e+00 
 4.59280000e-04  1.15463372e+00 
 4.60280000e-04  1.15463372e+00 
 4.61280000e-04  1.15463372e+00 
 4.62280000e-04  1.15463372e+00 
 4.63280000e-04  1.15463372e+00 
 4.64280000e-04  1.15463372e+00 
 4.65280000e-04  1.15463372e+00 
 4.66280000e-04  1.15463372e+00 
 4.67280000e-04  1.15463372e+00 
 4.68280000e-04  1.15463372e+00 
 4.69280000e-04  1.15463372e+00 
 4.70280000e-04  1.15463372e+00 
 4.71280000e-04  1.15463372e+00 
 4.72280000e-04  1.15463372e+00 
 4.73280000e-04  1.15463372e+00 
 4.74280000e-04  1.15463372e+00 
 4.75280000e-04  1.15463372e+00 
 4.76280000e-04  1.15463372e+00 
 4.77280000e-04  1.15463372e+00 
 4.78280000e-04  1.15463372e+00 
 4.79280000e-04  1.15463372e+00 
 4.80280000e-04  1.15463372e+00 
 4.81280000e-04  1.15463372e+00 
 4.82280000e-04  1.15463372e+00 
 4.83280000e-04  1.15463372e+00 
 4.84280000e-04  1.15463372e+00 
 4.85280000e-04  1.15463372e+00 
 4.86280000e-04  1.15463372e+00 
 4.87280000e-04  1.15463372e+00 
 4.88280000e-04  1.15463372e+00 
 4.89280000e-04  1.15463372e+00 
 4.90280000e-04  1.15463372e+00 
 4.91280000e-04  1.15463372e+00 
 4.92280000e-04  1.15463372e+00 
 4.93280000e-04  1.15463372e+00 
 4.94280000e-04  1.15463372e+00 
 4.95280000e-04  1.15463372e+00 
 4.96280000e-04  1.15463372e+00 
 4.97280000e-04  1.15463372e+00 
 4.98280000e-04  1.15463372e+00 
 4.99280000e-04  1.15463372e+00 
 5.00000000e-04  1.15463372e+00 
 5.00028437e-04  1.15475080e+00 
 5.00085310e-04  1.15500603e+00 
 5.00199057e-04  1.15567793e+00 
 5.00426551e-04  1.15758816e+00 
 5.00683755e-04  1.16025683e+00 
 5.01000000e-04  1.16370996e+00 
 5.01046506e-04  1.16405090e+00 
 5.01139519e-04  1.16474306e+00 
 5.01325544e-04  1.16616142e+00 
 5.01685581e-04  1.16909204e+00 
 5.02069174e-04  1.17246339e+00 
 5.02836358e-04  1.17953549e+00 
 5.03836358e-04  1.18890916e+00 
 5.04836358e-04  1.19816659e+00 
 5.05836358e-04  1.20731151e+00 
 5.06836358e-04  1.21639523e+00 
 5.07836358e-04  1.22543307e+00 
 5.08836358e-04  1.23442864e+00 
 5.09836358e-04  1.24339169e+00 
 5.10836358e-04  1.25232673e+00 
 5.11836358e-04  1.26124020e+00 
 5.12836358e-04  1.27013380e+00 
 5.13836358e-04  1.27901201e+00 
 5.14836358e-04  1.28787543e+00 
 5.15836358e-04  1.29672729e+00 
 5.16836358e-04  1.30556751e+00 
 5.17836358e-04  1.31439848e+00 
 5.18836358e-04  1.32321976e+00 
 5.19836358e-04  1.33203322e+00 
 5.20836358e-04  1.34083821e+00 
 5.21836358e-04  1.34963623e+00 
 5.22836358e-04  1.35842654e+00 
 5.23836358e-04  1.36721039e+00 
 5.24836358e-04  1.37598700e+00 
 5.25836358e-04  1.38475743e+00 
 5.26836358e-04  1.39352091e+00 
 5.27836358e-04  1.40227836e+00 
 5.28836358e-04  1.41102903e+00 
 5.29836358e-04  1.41977374e+00 
 5.30836358e-04  1.42851178e+00 
 5.31836358e-04  1.43724387e+00 
 5.32836358e-04  1.44596933e+00 
 5.33836358e-04  1.45468883e+00 
 5.34836358e-04  1.46340172e+00 
 5.35836358e-04  1.47210862e+00 
 5.36836358e-04  1.48080891e+00 
 5.37836358e-04  1.48950316e+00 
 5.38836358e-04  1.49819078e+00 
 5.39836358e-04  1.50687231e+00 
 5.40836358e-04  1.51554720e+00 
 5.41836358e-04  1.52421592e+00 
 5.42836358e-04  1.53287798e+00 
 5.43836358e-04  1.54153381e+00 
 5.44836358e-04  1.55018295e+00 
 5.45836358e-04  1.55882580e+00 
 5.46836358e-04  1.56746191e+00 
 5.47836358e-04  1.57609168e+00 
 5.48836358e-04  1.58471467e+00 
 5.49836358e-04  1.59333124e+00 
 5.50836358e-04  1.60194100e+00 
 5.51836358e-04  1.61054428e+00 
 5.52836358e-04  1.61914070e+00 
 5.53836358e-04  1.62773057e+00 
 5.54836358e-04  1.63631354e+00 
 5.55836358e-04  1.64488990e+00 
 5.56836358e-04  1.65345930e+00 
 5.57836358e-04  1.66202202e+00 
 5.58836358e-04  1.67057774e+00 
 5.59836358e-04  1.67912670e+00 
 5.60836358e-04  1.68766860e+00 
 5.61836358e-04  1.69620367e+00 
 5.62836358e-04  1.70473162e+00 
 5.63836358e-04  1.71325265e+00 
 5.64836358e-04  1.72176649e+00 
 5.65836358e-04  1.73027332e+00 
 5.66836358e-04  1.73877287e+00 
 5.67836358e-04  1.74726530e+00 
 5.68836358e-04  1.75575034e+00 
 5.69836358e-04  1.76422813e+00 
 5.70836358e-04  1.77269840e+00 
 5.71836358e-04  1.78116124e+00 
 5.72836358e-04  1.78961636e+00 
 5.73836358e-04  1.79806383e+00 
 5.74836358e-04  1.80650333e+00 
 5.75836358e-04  1.81493484e+00 
 5.76836358e-04  1.82335800e+00 
 5.77836358e-04  1.83177273e+00 
 5.78836358e-04  1.84017856e+00 
 5.79836358e-04  1.84857529e+00 
 5.80836358e-04  1.85696233e+00 
 5.81836358e-04  1.86533929e+00 
 5.82836358e-04  1.87370536e+00 
 5.83836358e-04  1.88205990e+00 
 5.84836358e-04  1.89040180e+00 
 5.85836358e-04  1.89873001e+00 
 5.86836358e-04  1.90704296e+00 
 5.87836358e-04  1.91533902e+00 
 5.88836358e-04  1.92361594e+00 
 5.89836358e-04  1.93187125e+00 
 5.90836358e-04  1.94010173e+00 
 5.91836358e-04  1.94830370e+00 
 5.92836358e-04  1.95647254e+00 
 5.93836358e-04  1.96460291e+00 
 5.94836358e-04  1.97268829e+00 
 5.95836358e-04  1.98072111e+00 
 5.96836358e-04  1.98869232e+00 
 5.97836358e-04  1.99659156e+00 
 5.98836358e-04  2.00440670e+00 
 5.99836358e-04  2.01212409e+00 
 6.00836358e-04  2.01972823e+00 
 6.01836358e-04  2.02720214e+00 
 6.02836358e-04  2.03452722e+00 
 6.03836358e-04  2.04168384e+00 
 6.04836358e-04  2.04865152e+00 
 6.05836358e-04  2.05540975e+00 
 6.06836358e-04  2.06193841e+00 
 6.07836358e-04  2.06821874e+00 
 6.08836358e-04  2.07423383e+00 
 6.09836358e-04  2.07996953e+00 
 6.10836358e-04  2.08541476e+00 
 6.11836358e-04  2.09056205e+00 
 6.12836358e-04  2.09540751e+00 
 6.13836358e-04  2.09995099e+00 
 6.14836358e-04  2.10419558e+00 
 6.15836358e-04  2.10814754e+00 
 6.16836358e-04  2.11181556e+00 
 6.17836358e-04  2.11521051e+00 
 6.18836358e-04  2.11834476e+00 
 6.19836358e-04  2.12123185e+00 
 6.20836358e-04  2.12388591e+00 
 6.21836358e-04  2.12632150e+00 
 6.22836358e-04  2.12855310e+00 
 6.23836358e-04  2.13059506e+00 
 6.24836358e-04  2.13246123e+00 
 6.25836358e-04  2.13416503e+00 
 6.26836358e-04  2.13571914e+00 
 6.27836358e-04  2.13713563e+00 
 6.28836358e-04  2.13842577e+00 
 6.29836358e-04  2.13960018e+00 
 6.30836358e-04  2.14066864e+00 
 6.31836358e-04  2.14164031e+00 
 6.32836358e-04  2.14252359e+00 
 6.33836358e-04  2.14332626e+00 
 6.34836358e-04  2.14405545e+00 
 6.35836358e-04  2.14471774e+00 
 6.36836358e-04  2.14531910e+00 
 6.37836358e-04  2.14586506e+00 
 6.38836358e-04  2.14636061e+00 
 6.39836358e-04  2.14681036e+00 
 6.40836358e-04  2.14721847e+00 
 6.41836358e-04  2.14758878e+00 
 6.42836358e-04  2.14792473e+00 
 6.43836358e-04  2.14822950e+00 
 6.44836358e-04  2.14850594e+00 
 6.45836358e-04  2.14875670e+00 
 6.46836358e-04  2.14898411e+00 
 6.47836358e-04  2.14919037e+00 
 6.48836358e-04  2.14937742e+00 
 6.49836358e-04  2.14954705e+00 
 6.50836358e-04  2.14970087e+00 
 6.51836358e-04  2.14984035e+00 
 6.52836358e-04  2.14996682e+00 
 6.53836358e-04  2.15008151e+00 
 6.54836358e-04  2.15018548e+00 
 6.55836358e-04  2.15027976e+00 
 6.56836358e-04  2.15036524e+00 
 6.57836358e-04  2.15044274e+00 
 6.58836358e-04  2.15051301e+00 
 6.59836358e-04  2.15057672e+00 
 6.60836358e-04  2.15063447e+00 
 6.61836358e-04  2.15068684e+00 
 6.62836358e-04  2.15073431e+00 
 6.63836358e-04  2.15077735e+00 
 6.64836358e-04  2.15081636e+00 
 6.65836358e-04  2.15085174e+00 
 6.66836358e-04  2.15088381e+00 
 6.67836358e-04  2.15091288e+00 
 6.68836358e-04  2.15093924e+00 
 6.69836358e-04  2.15096313e+00 
 6.70836358e-04  2.15098479e+00 
 6.71836358e-04  2.15100443e+00 
 6.72836358e-04  2.15102223e+00 
 6.73836358e-04  2.15103837e+00 
 6.74836358e-04  2.15105300e+00 
 6.75836358e-04  2.15106626e+00 
 6.76836358e-04  2.15107829e+00 
 6.77836358e-04  2.15108919e+00 
 6.78836358e-04  2.15109907e+00 
 6.79836358e-04  2.15110803e+00 
 6.80836358e-04  2.15111615e+00 
 6.81836358e-04  2.15112351e+00 
 6.82836358e-04  2.15113018e+00 
 6.83836358e-04  2.15113623e+00 
 6.84836358e-04  2.15114172e+00 
 6.85836358e-04  2.15114669e+00 
 6.86836358e-04  2.15115120e+00 
 6.87836358e-04  2.15115528e+00 
 6.88836358e-04  2.15115899e+00 
 6.89836358e-04  2.15116235e+00 
 6.90836358e-04  2.15116539e+00 
 6.91836358e-04  2.15116815e+00 
 6.92836358e-04  2.15117065e+00 
 6.93836358e-04  2.15117292e+00 
 6.94836358e-04  2.15117498e+00 
 6.95836358e-04  2.15117684e+00 
 6.96836358e-04  2.15117853e+00 
 6.97836358e-04  2.15118006e+00 
 6.98836358e-04  2.15118145e+00 
 6.99836358e-04  2.15118271e+00 
 7.00836358e-04  2.15118385e+00 
 7.01836358e-04  2.15118489e+00 
 7.02836358e-04  2.15118582e+00 
 7.03836358e-04  2.15118667e+00 
 7.04836358e-04  2.15118745e+00 
 7.05836358e-04  2.15118814e+00 
 7.06836358e-04  2.15118878e+00 
 7.07836358e-04  2.15118935e+00 
 7.08836358e-04  2.15118987e+00 
 7.09836358e-04  2.15119035e+00 
 7.10836358e-04  2.15119077e+00 
 7.11836358e-04  2.15119116e+00 
 7.12836358e-04  2.15119151e+00 
 7.13836358e-04  2.15119183e+00 
 7.14836358e-04  2.15119212e+00 
 7.15836358e-04  2.15119239e+00 
 7.16836358e-04  2.15119262e+00 
 7.17836358e-04  2.15119284e+00 
 7.18836358e-04  2.15119303e+00 
 7.19836358e-04  2.15119321e+00 
 7.20836358e-04  2.15119337e+00 
 7.21836358e-04  2.15119352e+00 
 7.22836358e-04  2.15119365e+00 
 7.23836358e-04  2.15119377e+00 
 7.24836358e-04  2.15119388e+00 
 7.25836358e-04  2.15119398e+00 
 7.26836358e-04  2.15119407e+00 
 7.27836358e-04  2.15119415e+00 
 7.28836358e-04  2.15119422e+00 
 7.29836358e-04  2.15119429e+00 
 7.30836358e-04  2.15119435e+00 
 7.31836358e-04  2.15119440e+00 
 7.32836358e-04  2.15119445e+00 
 7.33836358e-04  2.15119450e+00 
 7.34836358e-04  2.15119454e+00 
 7.35836358e-04  2.15119458e+00 
 7.36836358e-04  2.15119461e+00 
 7.37836358e-04  2.15119464e+00 
 7.38836358e-04  2.15119467e+00 
 7.39836358e-04  2.15119470e+00 
 7.40836358e-04  2.15119472e+00 
 7.41836358e-04  2.15119474e+00 
 7.42836358e-04  2.15119476e+00 
 7.43836358e-04  2.15119478e+00 
 7.44836358e-04  2.15119479e+00 
 7.45836358e-04  2.15119481e+00 
 7.46836358e-04  2.15119482e+00 
 7.47836358e-04  2.15119483e+00 
 7.48836358e-04  2.15119484e+00 
 7.49836358e-04  2.15119485e+00 
 7.50836358e-04  2.15119486e+00 
 7.51836358e-04  2.15119487e+00 
 7.52836358e-04  2.15119487e+00 
 7.53836358e-04  2.15119488e+00 
 7.54836358e-04  2.15119489e+00 
 7.55836358e-04  2.15119489e+00 
 7.56836358e-04  2.15119490e+00 
 7.57836358e-04  2.15119490e+00 
 7.58836358e-04  2.15119491e+00 
 7.59836358e-04  2.15119491e+00 
 7.60836358e-04  2.15119491e+00 
 7.61836358e-04  2.15119492e+00 
 7.62836358e-04  2.15119492e+00 
 7.63836358e-04  2.15119492e+00 
 7.64836358e-04  2.15119493e+00 
 7.65836358e-04  2.15119493e+00 
 7.66836358e-04  2.15119493e+00 
 7.67836358e-04  2.15119493e+00 
 7.68836358e-04  2.15119493e+00 
 7.69836358e-04  2.15119494e+00 
 7.70836358e-04  2.15119494e+00 
 7.71836358e-04  2.15119494e+00 
 7.72836358e-04  2.15119494e+00 
 7.73836358e-04  2.15119494e+00 
 7.74836358e-04  2.15119494e+00 
 7.75836358e-04  2.15119494e+00 
 7.76836358e-04  2.15119494e+00 
 7.77836358e-04  2.15119494e+00 
 7.78836358e-04  2.15119495e+00 
 7.79836358e-04  2.15119495e+00 
 7.80836358e-04  2.15119495e+00 
 7.81836358e-04  2.15119495e+00 
 7.82836358e-04  2.15119495e+00 
 7.83836358e-04  2.15119495e+00 
 7.84836358e-04  2.15119495e+00 
 7.85836358e-04  2.15119495e+00 
 7.86836358e-04  2.15119495e+00 
 7.87836358e-04  2.15119495e+00 
 7.88836358e-04  2.15119495e+00 
 7.89836358e-04  2.15119495e+00 
 7.90836358e-04  2.15119495e+00 
 7.91836358e-04  2.15119495e+00 
 7.92836358e-04  2.15119495e+00 
 7.93836358e-04  2.15119495e+00 
 7.94836358e-04  2.15119495e+00 
 7.95836358e-04  2.15119495e+00 
 7.96836358e-04  2.15119495e+00 
 7.97836358e-04  2.15119495e+00 
 7.98836358e-04  2.15119496e+00 
 7.99836358e-04  2.15119496e+00 
 8.00836358e-04  2.15119496e+00 
 8.01836358e-04  2.15119496e+00 
 8.02836358e-04  2.15119496e+00 
 8.03836358e-04  2.15119496e+00 
 8.04836358e-04  2.15119496e+00 
 8.05836358e-04  2.15119496e+00 
 8.06836358e-04  2.15119496e+00 
 8.07836358e-04  2.15119496e+00 
 8.08836358e-04  2.15119496e+00 
 8.09836358e-04  2.15119496e+00 
 8.10836358e-04  2.15119496e+00 
 8.11836358e-04  2.15119496e+00 
 8.12836358e-04  2.15119496e+00 
 8.13836358e-04  2.15119496e+00 
 8.14836358e-04  2.15119496e+00 
 8.15836358e-04  2.15119496e+00 
 8.16836358e-04  2.15119496e+00 
 8.17836358e-04  2.15119496e+00 
 8.18836358e-04  2.15119496e+00 
 8.19836358e-04  2.15119496e+00 
 8.20836358e-04  2.15119496e+00 
 8.21836358e-04  2.15119496e+00 
 8.22836358e-04  2.15119496e+00 
 8.23836358e-04  2.15119496e+00 
 8.24836358e-04  2.15119496e+00 
 8.25836358e-04  2.15119496e+00 
 8.26836358e-04  2.15119496e+00 
 8.27836358e-04  2.15119496e+00 
 8.28836358e-04  2.15119496e+00 
 8.29836358e-04  2.15119496e+00 
 8.30836358e-04  2.15119496e+00 
 8.31836358e-04  2.15119496e+00 
 8.32836358e-04  2.15119496e+00 
 8.33836358e-04  2.15119496e+00 
 8.34836358e-04  2.15119496e+00 
 8.35836358e-04  2.15119496e+00 
 8.36836358e-04  2.15119496e+00 
 8.37836358e-04  2.15119496e+00 
 8.38836358e-04  2.15119496e+00 
 8.39836358e-04  2.15119496e+00 
 8.40836358e-04  2.15119496e+00 
 8.41836358e-04  2.15119496e+00 
 8.42836358e-04  2.15119496e+00 
 8.43836358e-04  2.15119496e+00 
 8.44836358e-04  2.15119496e+00 
 8.45836358e-04  2.15119496e+00 
 8.46836358e-04  2.15119496e+00 
 8.47836358e-04  2.15119496e+00 
 8.48836358e-04  2.15119496e+00 
 8.49836358e-04  2.15119496e+00 
 8.50836358e-04  2.15119497e+00 
 8.51836358e-04  2.15119497e+00 
 8.52836358e-04  2.15119497e+00 
 8.53836358e-04  2.15119497e+00 
 8.54836358e-04  2.15119497e+00 
 8.55836358e-04  2.15119497e+00 
 8.56836358e-04  2.15119497e+00 
 8.57836358e-04  2.15119497e+00 
 8.58836358e-04  2.15119497e+00 
 8.59836358e-04  2.15119497e+00 
 8.60836358e-04  2.15119497e+00 
 8.61836358e-04  2.15119497e+00 
 8.62836358e-04  2.15119497e+00 
 8.63836358e-04  2.15119497e+00 
 8.64836358e-04  2.15119497e+00 
 8.65836358e-04  2.15119497e+00 
 8.66836358e-04  2.15119497e+00 
 8.67836358e-04  2.15119497e+00 
 8.68836358e-04  2.15119497e+00 
 8.69836358e-04  2.15119497e+00 
 8.70836358e-04  2.15119497e+00 
 8.71836358e-04  2.15119497e+00 
 8.72836358e-04  2.15119497e+00 
 8.73836358e-04  2.15119497e+00 
 8.74836358e-04  2.15119497e+00 
 8.75836358e-04  2.15119497e+00 
 8.76836358e-04  2.15119497e+00 
 8.77836358e-04  2.15119497e+00 
 8.78836358e-04  2.15119497e+00 
 8.79836358e-04  2.15119497e+00 
 8.80836358e-04  2.15119497e+00 
 8.81836358e-04  2.15119497e+00 
 8.82836358e-04  2.15119497e+00 
 8.83836358e-04  2.15119497e+00 
 8.84836358e-04  2.15119497e+00 
 8.85836358e-04  2.15119497e+00 
 8.86836358e-04  2.15119497e+00 
 8.87836358e-04  2.15119497e+00 
 8.88836358e-04  2.15119497e+00 
 8.89836358e-04  2.15119497e+00 
 8.90836358e-04  2.15119497e+00 
 8.91836358e-04  2.15119497e+00 
 8.92836358e-04  2.15119497e+00 
 8.93836358e-04  2.15119497e+00 
 8.94836358e-04  2.15119497e+00 
 8.95836358e-04  2.15119497e+00 
 8.96836358e-04  2.15119497e+00 
 8.97836358e-04  2.15119497e+00 
 8.98836358e-04  2.15119497e+00 
 8.99836358e-04  2.15119497e+00 
 9.00836358e-04  2.15119497e+00 
 9.01836358e-04  2.15119497e+00 
 9.02836358e-04  2.15119497e+00 
 9.03836358e-04  2.15119497e+00 
 9.04836358e-04  2.15119497e+00 
 9.05836358e-04  2.15119497e+00 
 9.06836358e-04  2.15119497e+00 
 9.07836358e-04  2.15119497e+00 
 9.08836358e-04  2.15119497e+00 
 9.09836358e-04  2.15119497e+00 
 9.10836358e-04  2.15119497e+00 
 9.11836358e-04  2.15119497e+00 
 9.12836358e-04  2.15119497e+00 
 9.13836358e-04  2.15119497e+00 
 9.14836358e-04  2.15119497e+00 
 9.15836358e-04  2.15119497e+00 
 9.16836358e-04  2.15119497e+00 
 9.17836358e-04  2.15119497e+00 
 9.18836358e-04  2.15119497e+00 
 9.19836358e-04  2.15119497e+00 
 9.20836358e-04  2.15119497e+00 
 9.21836358e-04  2.15119497e+00 
 9.22836358e-04  2.15119497e+00 
 9.23836358e-04  2.15119497e+00 
 9.24836358e-04  2.15119497e+00 
 9.25836358e-04  2.15119497e+00 
 9.26836358e-04  2.15119497e+00 
 9.27836358e-04  2.15119497e+00 
 9.28836358e-04  2.15119497e+00 
 9.29836358e-04  2.15119497e+00 
 9.30836358e-04  2.15119497e+00 
 9.31836358e-04  2.15119497e+00 
 9.32836358e-04  2.15119497e+00 
 9.33836358e-04  2.15119497e+00 
 9.34836358e-04  2.15119497e+00 
 9.35836358e-04  2.15119497e+00 
 9.36836358e-04  2.15119497e+00 
 9.37836358e-04  2.15119497e+00 
 9.38836358e-04  2.15119497e+00 
 9.39836358e-04  2.15119497e+00 
 9.40836358e-04  2.15119497e+00 
 9.41836358e-04  2.15119497e+00 
 9.42836358e-04  2.15119497e+00 
 9.43836358e-04  2.15119497e+00 
 9.44836358e-04  2.15119497e+00 
 9.45836358e-04  2.15119497e+00 
 9.46836358e-04  2.15119497e+00 
 9.47836358e-04  2.15119497e+00 
 9.48836358e-04  2.15119497e+00 
 9.49836358e-04  2.15119497e+00 
 9.50836358e-04  2.15119497e+00 
 9.51836358e-04  2.15119497e+00 
 9.52836358e-04  2.15119497e+00 
 9.53836358e-04  2.15119497e+00 
 9.54836358e-04  2.15119497e+00 
 9.55836358e-04  2.15119497e+00 
 9.56836358e-04  2.15119497e+00 
 9.57836358e-04  2.15119497e+00 
 9.58836358e-04  2.15119497e+00 
 9.59836358e-04  2.15119497e+00 
 9.60836358e-04  2.15119497e+00 
 9.61836358e-04  2.15119497e+00 
 9.62836358e-04  2.15119497e+00 
 9.63836358e-04  2.15119497e+00 
 9.64836358e-04  2.15119497e+00 
 9.65836358e-04  2.15119497e+00 
 9.66836358e-04  2.15119497e+00 
 9.67836358e-04  2.15119497e+00 
 9.68836358e-04  2.15119497e+00 
 9.69836358e-04  2.15119497e+00 
 9.70836358e-04  2.15119497e+00 
 9.71836358e-04  2.15119497e+00 
 9.72836358e-04  2.15119497e+00 
 9.73836358e-04  2.15119497e+00 
 9.74836358e-04  2.15119497e+00 
 9.75836358e-04  2.15119497e+00 
 9.76836358e-04  2.15119497e+00 
 9.77836358e-04  2.15119497e+00 
 9.78836358e-04  2.15119497e+00 
 9.79836358e-04  2.15119497e+00 
 9.80836358e-04  2.15119498e+00 
 9.81836358e-04  2.15119498e+00 
 9.82836358e-04  2.15119498e+00 
 9.83836358e-04  2.15119498e+00 
 9.84836358e-04  2.15119498e+00 
 9.85836358e-04  2.15119498e+00 
 9.86836358e-04  2.15119498e+00 
 9.87836358e-04  2.15119498e+00 
 9.88836358e-04  2.15119498e+00 
 9.89836358e-04  2.15119498e+00 
 9.90836358e-04  2.15119498e+00 
 9.91836358e-04  2.15119498e+00 
 9.92836358e-04  2.15119498e+00 
 9.93836358e-04  2.15119498e+00 
 9.94836358e-04  2.15119498e+00 
 9.95836358e-04  2.15119498e+00 
 9.96836358e-04  2.15119498e+00 
 9.97836358e-04  2.15119498e+00 
 9.98836358e-04  2.15119498e+00 
 9.99836358e-04  2.15119498e+00 
 1.00083636e-03  2.15119498e+00 
 1.00183636e-03  2.15119498e+00 
 1.00283636e-03  2.15119498e+00 
 1.00383636e-03  2.15119498e+00 
 1.00483636e-03  2.15119498e+00 
 1.00583636e-03  2.15119498e+00 
 1.00683636e-03  2.15119498e+00 
 1.00783636e-03  2.15119498e+00 
 1.00883636e-03  2.15119498e+00 
 1.00983636e-03  2.15119498e+00 
 1.01083636e-03  2.15119498e+00 
 1.01183636e-03  2.15119498e+00 
 1.01283636e-03  2.15119498e+00 
 1.01383636e-03  2.15119498e+00 
 1.01483636e-03  2.15119498e+00 
 1.01583636e-03  2.15119498e+00 
 1.01683636e-03  2.15119498e+00 
 1.01783636e-03  2.15119498e+00 
 1.01883636e-03  2.15119498e+00 
 1.01983636e-03  2.15119498e+00 
 1.02083636e-03  2.15119498e+00 
 1.02183636e-03  2.15119498e+00 
 1.02283636e-03  2.15119498e+00 
 1.02383636e-03  2.15119498e+00 
 1.02483636e-03  2.15119498e+00 
 1.02583636e-03  2.15119498e+00 
 1.02683636e-03  2.15119498e+00 
 1.02783636e-03  2.15119498e+00 
 1.02883636e-03  2.15119498e+00 
 1.02983636e-03  2.15119498e+00 
 1.03083636e-03  2.15119498e+00 
 1.03183636e-03  2.15119498e+00 
 1.03283636e-03  2.15119498e+00 
 1.03383636e-03  2.15119498e+00 
 1.03483636e-03  2.15119498e+00 
 1.03583636e-03  2.15119498e+00 
 1.03683636e-03  2.15119498e+00 
 1.03783636e-03  2.15119498e+00 
 1.03883636e-03  2.15119498e+00 
 1.03983636e-03  2.15119498e+00 
 1.04083636e-03  2.15119498e+00 
 1.04183636e-03  2.15119498e+00 
 1.04283636e-03  2.15119498e+00 
 1.04383636e-03  2.15119498e+00 
 1.04483636e-03  2.15119498e+00 
 1.04583636e-03  2.15119498e+00 
 1.04683636e-03  2.15119498e+00 
 1.04783636e-03  2.15119498e+00 
 1.04883636e-03  2.15119498e+00 
 1.04983636e-03  2.15119498e+00 
 1.05083636e-03  2.15119498e+00 
 1.05183636e-03  2.15119498e+00 
 1.05283636e-03  2.15119498e+00 
 1.05383636e-03  2.15119498e+00 
 1.05483636e-03  2.15119498e+00 
 1.05583636e-03  2.15119498e+00 
 1.05683636e-03  2.15119498e+00 
 1.05783636e-03  2.15119498e+00 
 1.05883636e-03  2.15119498e+00 
 1.05983636e-03  2.15119498e+00 
 1.06083636e-03  2.15119498e+00 
 1.06183636e-03  2.15119498e+00 
 1.06283636e-03  2.15119498e+00 
 1.06383636e-03  2.15119498e+00 
 1.06483636e-03  2.15119498e+00 
 1.06583636e-03  2.15119498e+00 
 1.06683636e-03  2.15119498e+00 
 1.06783636e-03  2.15119498e+00 
 1.06883636e-03  2.15119498e+00 
 1.06983636e-03  2.15119498e+00 
 1.07083636e-03  2.15119498e+00 
 1.07183636e-03  2.15119498e+00 
 1.07283636e-03  2.15119498e+00 
 1.07383636e-03  2.15119498e+00 
 1.07483636e-03  2.15119498e+00 
 1.07583636e-03  2.15119498e+00 
 1.07683636e-03  2.15119498e+00 
 1.07783636e-03  2.15119498e+00 
 1.07883636e-03  2.15119498e+00 
 1.07983636e-03  2.15119498e+00 
 1.08083636e-03  2.15119498e+00 
 1.08183636e-03  2.15119498e+00 
 1.08283636e-03  2.15119498e+00 
 1.08383636e-03  2.15119498e+00 
 1.08483636e-03  2.15119498e+00 
 1.08583636e-03  2.15119498e+00 
 1.08683636e-03  2.15119498e+00 
 1.08783636e-03  2.15119498e+00 
 1.08883636e-03  2.15119498e+00 
 1.08983636e-03  2.15119498e+00 
 1.09083636e-03  2.15119498e+00 
 1.09183636e-03  2.15119498e+00 
 1.09283636e-03  2.15119498e+00 
 1.09383636e-03  2.15119498e+00 
 1.09483636e-03  2.15119498e+00 
 1.09583636e-03  2.15119498e+00 
 1.09683636e-03  2.15119498e+00 
 1.09783636e-03  2.15119498e+00 
 1.09883636e-03  2.15119498e+00 
 1.09983636e-03  2.15119498e+00 
 1.10083636e-03  2.15119498e+00 
 1.10183636e-03  2.15119498e+00 
 1.10283636e-03  2.15119498e+00 
 1.10383636e-03  2.15119498e+00 
 1.10483636e-03  2.15119498e+00 
 1.10583636e-03  2.15119498e+00 
 1.10683636e-03  2.15119498e+00 
 1.10783636e-03  2.15119498e+00 
 1.10883636e-03  2.15119498e+00 
 1.10983636e-03  2.15119498e+00 
 1.11083636e-03  2.15119498e+00 
 1.11183636e-03  2.15119498e+00 
 1.11283636e-03  2.15119498e+00 
 1.11383636e-03  2.15119498e+00 
 1.11483636e-03  2.15119498e+00 
 1.11583636e-03  2.15119498e+00 
 1.11683636e-03  2.15119498e+00 
 1.11783636e-03  2.15119498e+00 
 1.11883636e-03  2.15119498e+00 
 1.11983636e-03  2.15119498e+00 
 1.12083636e-03  2.15119498e+00 
 1.12183636e-03  2.15119498e+00 
 1.12283636e-03  2.15119498e+00 
 1.12383636e-03  2.15119498e+00 
 1.12483636e-03  2.15119498e+00 
 1.12583636e-03  2.15119498e+00 
 1.12683636e-03  2.15119498e+00 
 1.12783636e-03  2.15119498e+00 
 1.12883636e-03  2.15119498e+00 
 1.12983636e-03  2.15119498e+00 
 1.13083636e-03  2.15119498e+00 
 1.13183636e-03  2.15119498e+00 
 1.13283636e-03  2.15119498e+00 
 1.13383636e-03  2.15119498e+00 
 1.13483636e-03  2.15119498e+00 
 1.13583636e-03  2.15119498e+00 
 1.13683636e-03  2.15119498e+00 
 1.13783636e-03  2.15119498e+00 
 1.13883636e-03  2.15119498e+00 
 1.13983636e-03  2.15119498e+00 
 1.14083636e-03  2.15119498e+00 
 1.14183636e-03  2.15119498e+00 
 1.14283636e-03  2.15119498e+00 
 1.14383636e-03  2.15119498e+00 
 1.14483636e-03  2.15119498e+00 
 1.14583636e-03  2.15119498e+00 
 1.14683636e-03  2.15119498e+00 
 1.14783636e-03  2.15119498e+00 
 1.14883636e-03  2.15119498e+00 
 1.14983636e-03  2.15119498e+00 
 1.15083636e-03  2.15119498e+00 
 1.15183636e-03  2.15119498e+00 
 1.15283636e-03  2.15119498e+00 
 1.15383636e-03  2.15119498e+00 
 1.15483636e-03  2.15119498e+00 
 1.15583636e-03  2.15119498e+00 
 1.15683636e-03  2.15119498e+00 
 1.15783636e-03  2.15119498e+00 
 1.15883636e-03  2.15119498e+00 
 1.15983636e-03  2.15119498e+00 
 1.16083636e-03  2.15119498e+00 
 1.16183636e-03  2.15119498e+00 
 1.16283636e-03  2.15119498e+00 
 1.16383636e-03  2.15119498e+00 
 1.16483636e-03  2.15119498e+00 
 1.16583636e-03  2.15119498e+00 
 1.16683636e-03  2.15119498e+00 
 1.16783636e-03  2.15119498e+00 
 1.16883636e-03  2.15119498e+00 
 1.16983636e-03  2.15119498e+00 
 1.17083636e-03  2.15119498e+00 
 1.17183636e-03  2.15119498e+00 
 1.17283636e-03  2.15119498e+00 
 1.17383636e-03  2.15119498e+00 
 1.17483636e-03  2.15119498e+00 
 1.17583636e-03  2.15119498e+00 
 1.17683636e-03  2.15119498e+00 
 1.17783636e-03  2.15119498e+00 
 1.17883636e-03  2.15119498e+00 
 1.17983636e-03  2.15119498e+00 
 1.18083636e-03  2.15119498e+00 
 1.18183636e-03  2.15119498e+00 
 1.18283636e-03  2.15119498e+00 
 1.18383636e-03  2.15119498e+00 
 1.18483636e-03  2.15119498e+00 
 1.18583636e-03  2.15119498e+00 
 1.18683636e-03  2.15119498e+00 
 1.18783636e-03  2.15119498e+00 
 1.18883636e-03  2.15119498e+00 
 1.18983636e-03  2.15119498e+00 
 1.19083636e-03  2.15119498e+00 
 1.19183636e-03  2.15119498e+00 
 1.19283636e-03  2.15119498e+00 
 1.19383636e-03  2.15119498e+00 
 1.19483636e-03  2.15119498e+00 
 1.19583636e-03  2.15119498e+00 
 1.19683636e-03  2.15119498e+00 
 1.19783636e-03  2.15119498e+00 
 1.19883636e-03  2.15119498e+00 
 1.19983636e-03  2.15119498e+00 
 1.20083636e-03  2.15119498e+00 
 1.20183636e-03  2.15119498e+00 
 1.20283636e-03  2.15119498e+00 
 1.20383636e-03  2.15119498e+00 
 1.20483636e-03  2.15119498e+00 
 1.20583636e-03  2.15119498e+00 
 1.20683636e-03  2.15119498e+00 
 1.20783636e-03  2.15119498e+00 
 1.20883636e-03  2.15119498e+00 
 1.20983636e-03  2.15119498e+00 
 1.21083636e-03  2.15119498e+00 
 1.21183636e-03  2.15119498e+00 
 1.21283636e-03  2.15119498e+00 
 1.21383636e-03  2.15119498e+00 
 1.21483636e-03  2.15119498e+00 
 1.21583636e-03  2.15119498e+00 
 1.21683636e-03  2.15119498e+00 
 1.21783636e-03  2.15119498e+00 
 1.21883636e-03  2.15119498e+00 
 1.21983636e-03  2.15119498e+00 
 1.22083636e-03  2.15119498e+00 
 1.22183636e-03  2.15119498e+00 
 1.22283636e-03  2.15119498e+00 
 1.22383636e-03  2.15119498e+00 
 1.22483636e-03  2.15119498e+00 
 1.22583636e-03  2.15119498e+00 
 1.22683636e-03  2.15119498e+00 
 1.22783636e-03  2.15119498e+00 
 1.22883636e-03  2.15119498e+00 
 1.22983636e-03  2.15119498e+00 
 1.23083636e-03  2.15119498e+00 
 1.23183636e-03  2.15119498e+00 
 1.23283636e-03  2.15119498e+00 
 1.23383636e-03  2.15119498e+00 
 1.23483636e-03  2.15119498e+00 
 1.23583636e-03  2.15119498e+00 
 1.23683636e-03  2.15119498e+00 
 1.23783636e-03  2.15119498e+00 
 1.23883636e-03  2.15119498e+00 
 1.23983636e-03  2.15119498e+00 
 1.24083636e-03  2.15119498e+00 
 1.24183636e-03  2.15119498e+00 
 1.24283636e-03  2.15119498e+00 
 1.24383636e-03  2.15119498e+00 
 1.24483636e-03  2.15119498e+00 
 1.24583636e-03  2.15119498e+00 
 1.24683636e-03  2.15119498e+00 
 1.24783636e-03  2.15119498e+00 
 1.24883636e-03  2.15119498e+00 
 1.24983636e-03  2.15119498e+00 
 1.25083636e-03  2.15119498e+00 
 1.25183636e-03  2.15119498e+00 
 1.25283636e-03  2.15119498e+00 
 1.25383636e-03  2.15119498e+00 
 1.25483636e-03  2.15119498e+00 
 1.25583636e-03  2.15119498e+00 
 1.25683636e-03  2.15119498e+00 
 1.25783636e-03  2.15119498e+00 
 1.25883636e-03  2.15119498e+00 
 1.25983636e-03  2.15119498e+00 
 1.26083636e-03  2.15119498e+00 
 1.26183636e-03  2.15119498e+00 
 1.26283636e-03  2.15119498e+00 
 1.26383636e-03  2.15119498e+00 
 1.26483636e-03  2.15119498e+00 
 1.26583636e-03  2.15119498e+00 
 1.26683636e-03  2.15119498e+00 
 1.26783636e-03  2.15119498e+00 
 1.26883636e-03  2.15119498e+00 
 1.26983636e-03  2.15119498e+00 
 1.27083636e-03  2.15119498e+00 
 1.27183636e-03  2.15119498e+00 
 1.27283636e-03  2.15119498e+00 
 1.27383636e-03  2.15119498e+00 
 1.27483636e-03  2.15119498e+00 
 1.27583636e-03  2.15119498e+00 
 1.27683636e-03  2.15119498e+00 
 1.27783636e-03  2.15119498e+00 
 1.27883636e-03  2.15119498e+00 
 1.27983636e-03  2.15119498e+00 
 1.28083636e-03  2.15119498e+00 
 1.28183636e-03  2.15119498e+00 
 1.28283636e-03  2.15119498e+00 
 1.28383636e-03  2.15119498e+00 
 1.28483636e-03  2.15119498e+00 
 1.28583636e-03  2.15119498e+00 
 1.28683636e-03  2.15119498e+00 
 1.28783636e-03  2.15119498e+00 
 1.28883636e-03  2.15119498e+00 
 1.28983636e-03  2.15119498e+00 
 1.29083636e-03  2.15119498e+00 
 1.29183636e-03  2.15119498e+00 
 1.29283636e-03  2.15119498e+00 
 1.29383636e-03  2.15119498e+00 
 1.29483636e-03  2.15119498e+00 
 1.29583636e-03  2.15119498e+00 
 1.29683636e-03  2.15119498e+00 
 1.29783636e-03  2.15119498e+00 
 1.29883636e-03  2.15119498e+00 
 1.29983636e-03  2.15119498e+00 
 1.30083636e-03  2.15119498e+00 
 1.30183636e-03  2.15119498e+00 
 1.30283636e-03  2.15119498e+00 
 1.30383636e-03  2.15119498e+00 
 1.30483636e-03  2.15119498e+00 
 1.30583636e-03  2.15119498e+00 
 1.30683636e-03  2.15119498e+00 
 1.30783636e-03  2.15119498e+00 
 1.30883636e-03  2.15119498e+00 
 1.30983636e-03  2.15119499e+00 
 1.31083636e-03  2.15119498e+00 
 1.31183636e-03  2.15119499e+00 
 1.31283636e-03  2.15119499e+00 
 1.31383636e-03  2.15119499e+00 
 1.31483636e-03  2.15119499e+00 
 1.31583636e-03  2.15119499e+00 
 1.31683636e-03  2.15119499e+00 
 1.31783636e-03  2.15119499e+00 
 1.31883636e-03  2.15119499e+00 
 1.31983636e-03  2.15119499e+00 
 1.32083636e-03  2.15119499e+00 
 1.32183636e-03  2.15119499e+00 
 1.32283636e-03  2.15119499e+00 
 1.32383636e-03  2.15119499e+00 
 1.32483636e-03  2.15119499e+00 
 1.32583636e-03  2.15119499e+00 
 1.32683636e-03  2.15119499e+00 
 1.32783636e-03  2.15119499e+00 
 1.32883636e-03  2.15119499e+00 
 1.32983636e-03  2.15119499e+00 
 1.33083636e-03  2.15119499e+00 
 1.33183636e-03  2.15119499e+00 
 1.33283636e-03  2.15119499e+00 
 1.33383636e-03  2.15119499e+00 
 1.33483636e-03  2.15119499e+00 
 1.33583636e-03  2.15119499e+00 
 1.33683636e-03  2.15119499e+00 
 1.33783636e-03  2.15119499e+00 
 1.33883636e-03  2.15119499e+00 
 1.33983636e-03  2.15119499e+00 
 1.34083636e-03  2.15119499e+00 
 1.34183636e-03  2.15119499e+00 
 1.34283636e-03  2.15119499e+00 
 1.34383636e-03  2.15119499e+00 
 1.34483636e-03  2.15119499e+00 
 1.34583636e-03  2.15119499e+00 
 1.34683636e-03  2.15119499e+00 
 1.34783636e-03  2.15119499e+00 
 1.34883636e-03  2.15119499e+00 
 1.34983636e-03  2.15119499e+00 
 1.35083636e-03  2.15119499e+00 
 1.35183636e-03  2.15119499e+00 
 1.35283636e-03  2.15119499e+00 
 1.35383636e-03  2.15119499e+00 
 1.35483636e-03  2.15119499e+00 
 1.35583636e-03  2.15119499e+00 
 1.35683636e-03  2.15119499e+00 
 1.35783636e-03  2.15119499e+00 
 1.35883636e-03  2.15119499e+00 
 1.35983636e-03  2.15119499e+00 
 1.36083636e-03  2.15119499e+00 
 1.36183636e-03  2.15119499e+00 
 1.36283636e-03  2.15119499e+00 
 1.36383636e-03  2.15119499e+00 
 1.36483636e-03  2.15119499e+00 
 1.36583636e-03  2.15119499e+00 
 1.36683636e-03  2.15119499e+00 
 1.36783636e-03  2.15119499e+00 
 1.36883636e-03  2.15119499e+00 
 1.36983636e-03  2.15119499e+00 
 1.37083636e-03  2.15119499e+00 
 1.37183636e-03  2.15119499e+00 
 1.37283636e-03  2.15119499e+00 
 1.37383636e-03  2.15119499e+00 
 1.37483636e-03  2.15119499e+00 
 1.37583636e-03  2.15119499e+00 
 1.37683636e-03  2.15119499e+00 
 1.37783636e-03  2.15119499e+00 
 1.37883636e-03  2.15119499e+00 
 1.37983636e-03  2.15119499e+00 
 1.38083636e-03  2.15119499e+00 
 1.38183636e-03  2.15119499e+00 
 1.38283636e-03  2.15119499e+00 
 1.38383636e-03  2.15119499e+00 
 1.38483636e-03  2.15119499e+00 
 1.38583636e-03  2.15119499e+00 
 1.38683636e-03  2.15119499e+00 
 1.38783636e-03  2.15119499e+00 
 1.38883636e-03  2.15119499e+00 
 1.38983636e-03  2.15119499e+00 
 1.39083636e-03  2.15119499e+00 
 1.39183636e-03  2.15119499e+00 
 1.39283636e-03  2.15119499e+00 
 1.39383636e-03  2.15119499e+00 
 1.39483636e-03  2.15119499e+00 
 1.39583636e-03  2.15119499e+00 
 1.39683636e-03  2.15119499e+00 
 1.39783636e-03  2.15119499e+00 
 1.39883636e-03  2.15119499e+00 
 1.39983636e-03  2.15119499e+00 
 1.40083636e-03  2.15119499e+00 
 1.40183636e-03  2.15119499e+00 
 1.40283636e-03  2.15119499e+00 
 1.40383636e-03  2.15119499e+00 
 1.40483636e-03  2.15119499e+00 
 1.40583636e-03  2.15119499e+00 
 1.40683636e-03  2.15119499e+00 
 1.40783636e-03  2.15119499e+00 
 1.40883636e-03  2.15119499e+00 
 1.40983636e-03  2.15119499e+00 
 1.41083636e-03  2.15119499e+00 
 1.41183636e-03  2.15119499e+00 
 1.41283636e-03  2.15119499e+00 
 1.41383636e-03  2.15119499e+00 
 1.41483636e-03  2.15119499e+00 
 1.41583636e-03  2.15119499e+00 
 1.41683636e-03  2.15119499e+00 
 1.41783636e-03  2.15119499e+00 
 1.41883636e-03  2.15119499e+00 
 1.41983636e-03  2.15119499e+00 
 1.42083636e-03  2.15119499e+00 
 1.42183636e-03  2.15119499e+00 
 1.42283636e-03  2.15119499e+00 
 1.42383636e-03  2.15119499e+00 
 1.42483636e-03  2.15119499e+00 
 1.42583636e-03  2.15119499e+00 
 1.42683636e-03  2.15119499e+00 
 1.42783636e-03  2.15119499e+00 
 1.42883636e-03  2.15119499e+00 
 1.42983636e-03  2.15119499e+00 
 1.43083636e-03  2.15119499e+00 
 1.43183636e-03  2.15119499e+00 
 1.43283636e-03  2.15119499e+00 
 1.43383636e-03  2.15119499e+00 
 1.43483636e-03  2.15119499e+00 
 1.43583636e-03  2.15119499e+00 
 1.43683636e-03  2.15119499e+00 
 1.43783636e-03  2.15119499e+00 
 1.43883636e-03  2.15119499e+00 
 1.43983636e-03  2.15119499e+00 
 1.44083636e-03  2.15119499e+00 
 1.44183636e-03  2.15119499e+00 
 1.44283636e-03  2.15119499e+00 
 1.44383636e-03  2.15119499e+00 
 1.44483636e-03  2.15119499e+00 
 1.44583636e-03  2.15119499e+00 
 1.44683636e-03  2.15119499e+00 
 1.44783636e-03  2.15119499e+00 
 1.44883636e-03  2.15119499e+00 
 1.44983636e-03  2.15119499e+00 
 1.45083636e-03  2.15119499e+00 
 1.45183636e-03  2.15119499e+00 
 1.45283636e-03  2.15119499e+00 
 1.45383636e-03  2.15119499e+00 
 1.45483636e-03  2.15119499e+00 
 1.45583636e-03  2.15119499e+00 
 1.45683636e-03  2.15119499e+00 
 1.45783636e-03  2.15119499e+00 
 1.45883636e-03  2.15119499e+00 
 1.45983636e-03  2.15119499e+00 
 1.46083636e-03  2.15119499e+00 
 1.46183636e-03  2.15119499e+00 
 1.46283636e-03  2.15119499e+00 
 1.46383636e-03  2.15119499e+00 
 1.46483636e-03  2.15119499e+00 
 1.46583636e-03  2.15119499e+00 
 1.46683636e-03  2.15119499e+00 
 1.46783636e-03  2.15119499e+00 
 1.46883636e-03  2.15119499e+00 
 1.46983636e-03  2.15119499e+00 
 1.47083636e-03  2.15119499e+00 
 1.47183636e-03  2.15119499e+00 
 1.47283636e-03  2.15119499e+00 
 1.47383636e-03  2.15119499e+00 
 1.47483636e-03  2.15119499e+00 
 1.47583636e-03  2.15119499e+00 
 1.47683636e-03  2.15119499e+00 
 1.47783636e-03  2.15119499e+00 
 1.47883636e-03  2.15119499e+00 
 1.47983636e-03  2.15119499e+00 
 1.48083636e-03  2.15119499e+00 
 1.48183636e-03  2.15119499e+00 
 1.48283636e-03  2.15119499e+00 
 1.48383636e-03  2.15119499e+00 
 1.48483636e-03  2.15119499e+00 
 1.48583636e-03  2.15119499e+00 
 1.48683636e-03  2.15119499e+00 
 1.48783636e-03  2.15119499e+00 
 1.48883636e-03  2.15119499e+00 
 1.48983636e-03  2.15119499e+00 
 1.49083636e-03  2.15119499e+00 
 1.49183636e-03  2.15119499e+00 
 1.49283636e-03  2.15119499e+00 
 1.49383636e-03  2.15119499e+00 
 1.49483636e-03  2.15119499e+00 
 1.49583636e-03  2.15119499e+00 
 1.49683636e-03  2.15119499e+00 
 1.49783636e-03  2.15119499e+00 
 1.49883636e-03  2.15119499e+00 
 1.49983636e-03  2.15119499e+00 
 1.50083636e-03  2.15119499e+00 
 1.50100000e-03  2.15119499e+00 
 1.50100915e-03  2.15115927e+00 
 1.50102746e-03  2.15108694e+00 
 1.50106407e-03  2.15092679e+00 
 1.50113729e-03  2.15049921e+00 
 1.50125915e-03  2.14939087e+00 
 1.50140368e-03  2.14747602e+00 
 1.50164109e-03  2.14329499e+00 
 1.50200000e-03  2.13511984e+00 
 1.50203597e-03  2.13434310e+00 
 1.50210790e-03  2.13279197e+00 
 1.50225176e-03  2.12967229e+00 
 1.50240435e-03  2.12647537e+00 
 1.50262419e-03  2.12266610e+00 
 1.50285769e-03  2.11943634e+00 
 1.50322670e-03  2.11483707e+00 
 1.50362074e-03  2.11026956e+00 
 1.50440882e-03  2.10168325e+00 
 1.50540882e-03  2.09140590e+00 
 1.50640882e-03  2.08157402e+00 
 1.50740882e-03  2.07204822e+00 
 1.50840882e-03  2.06272871e+00 
 1.50940882e-03  2.05355852e+00 
 1.51040882e-03  2.04449470e+00 
 1.51140882e-03  2.03551334e+00 
 1.51240882e-03  2.02659040e+00 
 1.51340882e-03  2.01771563e+00 
 1.51440882e-03  2.00887406e+00 
 1.51540882e-03  2.00006180e+00 
 1.51640882e-03  1.99126878e+00 
 1.51740882e-03  1.98249423e+00 
 1.51840882e-03  1.97373101e+00 
 1.51940882e-03  1.96497990e+00 
 1.52040882e-03  1.95623554e+00 
 1.52140882e-03  1.94749949e+00 
 1.52240882e-03  1.93876756e+00 
 1.52340882e-03  1.93004163e+00 
 1.52440882e-03  1.92131829e+00 
 1.52540882e-03  1.91259955e+00 
 1.52640882e-03  1.90388252e+00 
 1.52740882e-03  1.89516920e+00 
 1.52840882e-03  1.88645712e+00 
 1.52940882e-03  1.87774819e+00 
 1.53040882e-03  1.86904022e+00 
 1.53140882e-03  1.86033504e+00 
 1.53240882e-03  1.85163071e+00 
 1.53340882e-03  1.84292891e+00 
 1.53440882e-03  1.83422790e+00 
 1.53540882e-03  1.82552926e+00 
 1.53640882e-03  1.81683139e+00 
 1.53740882e-03  1.80813577e+00 
 1.53840882e-03  1.79944094e+00 
 1.53940882e-03  1.79074826e+00 
 1.54040882e-03  1.78205640e+00 
 1.54140882e-03  1.77336661e+00 
 1.54240882e-03  1.76467767e+00 
 1.54340882e-03  1.75599076e+00 
 1.54440882e-03  1.74730472e+00 
 1.54540882e-03  1.73862066e+00 
 1.54640882e-03  1.72993751e+00 
 1.54740882e-03  1.72125630e+00 
 1.54840882e-03  1.71257603e+00 
 1.54940882e-03  1.70389767e+00 
 1.55040882e-03  1.69522028e+00 
 1.55140882e-03  1.68654476e+00 
 1.55240882e-03  1.67787026e+00 
 1.55340882e-03  1.66919760e+00 
 1.55440882e-03  1.66052598e+00 
 1.55540882e-03  1.65185618e+00 
 1.55640882e-03  1.64318746e+00 
 1.55740882e-03  1.63452054e+00 
 1.55840882e-03  1.62585473e+00 
 1.55940882e-03  1.61719071e+00 
 1.56040882e-03  1.60852783e+00 
 1.56140882e-03  1.59986674e+00 
 1.56240882e-03  1.59120683e+00 
 1.56340882e-03  1.58254870e+00 
 1.56440882e-03  1.57389179e+00 
 1.56540882e-03  1.56523669e+00 
 1.56640882e-03  1.55658286e+00 
 1.56740882e-03  1.54793087e+00 
 1.56840882e-03  1.53928022e+00 
 1.56940882e-03  1.53063146e+00 
 1.57040882e-03  1.52198414e+00 
 1.57140882e-03  1.51333881e+00 
 1.57240882e-03  1.50469507e+00 
 1.57340882e-03  1.49605347e+00 
 1.57440882e-03  1.48741367e+00 
 1.57540882e-03  1.47877626e+00 
 1.57640882e-03  1.47014098e+00 
 1.57740882e-03  1.46150848e+00 
 1.57840882e-03  1.45287863e+00 
 1.57940882e-03  1.44425217e+00 
 1.58040882e-03  1.43562914e+00 
 1.58140882e-03  1.42701048e+00 
 1.58240882e-03  1.41839648e+00 
 1.58340882e-03  1.40978837e+00 
 1.58440882e-03  1.40118683e+00 
 1.58540882e-03  1.39259356e+00 
 1.58640882e-03  1.38400984e+00 
 1.58740882e-03  1.37543807e+00 
 1.58840882e-03  1.36688046e+00 
 1.58940882e-03  1.35834051e+00 
 1.59040882e-03  1.34982178e+00 
 1.59140882e-03  1.34132942e+00 
 1.59240882e-03  1.33286902e+00 
 1.59340882e-03  1.32444808e+00 
 1.59440882e-03  1.31607509e+00 
 1.59540882e-03  1.30776086e+00 
 1.59640882e-03  1.29951774e+00 
 1.59740882e-03  1.29136087e+00 
 1.59840882e-03  1.28330739e+00 
 1.59940882e-03  1.27537752e+00 
 1.60040882e-03  1.26759353e+00 
 1.60140882e-03  1.25998055e+00 
 1.60240882e-03  1.25256514e+00 
 1.60340882e-03  1.24537548e+00 
 1.60440882e-03  1.23843958e+00 
 1.60540882e-03  1.23178491e+00 
 1.60640882e-03  1.22543632e+00 
 1.60740882e-03  1.21941557e+00 
 1.60840882e-03  1.21373944e+00 
 1.60940882e-03  1.20841970e+00 
 1.61040882e-03  1.20346197e+00 
 1.61140882e-03  1.19886641e+00 
 1.61240882e-03  1.19462746e+00 
 1.61340882e-03  1.19073512e+00 
 1.61440882e-03  1.18717523e+00 
 1.61540882e-03  1.18393101e+00 
 1.61640882e-03  1.18098335e+00 
 1.61740882e-03  1.17831228e+00 
 1.61840882e-03  1.17589706e+00 
 1.61940882e-03  1.17371737e+00 
 1.62040882e-03  1.17175312e+00 
 1.62140882e-03  1.16998541e+00 
 1.62240882e-03  1.16839607e+00 
 1.62340882e-03  1.16696844e+00 
 1.62440882e-03  1.16568680e+00 
 1.62540882e-03  1.16453699e+00 
 1.62640882e-03  1.16350573e+00 
 1.62740882e-03  1.16258128e+00 
 1.62840882e-03  1.16175264e+00 
 1.62940882e-03  1.16101018e+00 
 1.63040882e-03  1.16034490e+00 
 1.63140882e-03  1.15974900e+00 
 1.63240882e-03  1.15921513e+00 
 1.63340882e-03  1.15873703e+00 
 1.63440882e-03  1.15830873e+00 
 1.63540882e-03  1.15792522e+00 
 1.63640882e-03  1.15758166e+00 
 1.63740882e-03  1.15727405e+00 
 1.63840882e-03  1.15699848e+00 
 1.63940882e-03  1.15675175e+00 
 1.64040882e-03  1.15653071e+00 
 1.64140882e-03  1.15633283e+00 
 1.64240882e-03  1.15615552e+00 
 1.64340882e-03  1.15599680e+00 
 1.64440882e-03  1.15585457e+00 
 1.64540882e-03  1.15572726e+00 
 1.64640882e-03  1.15561317e+00 
 1.64740882e-03  1.15551105e+00 
 1.64840882e-03  1.15541952e+00 
 1.64940882e-03  1.15533760e+00 
 1.65040882e-03  1.15526417e+00 
 1.65140882e-03  1.15519846e+00 
 1.65240882e-03  1.15513955e+00 
 1.65340882e-03  1.15508684e+00 
 1.65440882e-03  1.15503956e+00 
 1.65540882e-03  1.15499728e+00 
 1.65640882e-03  1.15495935e+00 
 1.65740882e-03  1.15492544e+00 
 1.65840882e-03  1.15489500e+00 
 1.65940882e-03  1.15486779e+00 
 1.66040882e-03  1.15484337e+00 
 1.66140882e-03  1.15482155e+00 
 1.66240882e-03  1.15480194e+00 
 1.66340882e-03  1.15478444e+00 
 1.66440882e-03  1.15476871e+00 
 1.66540882e-03  1.15475467e+00 
 1.66640882e-03  1.15474204e+00 
 1.66740882e-03  1.15473078e+00 
 1.66840882e-03  1.15472065e+00 
 1.66940882e-03  1.15471162e+00 
 1.67040882e-03  1.15470348e+00 
 1.67140882e-03  1.15469624e+00 
 1.67240882e-03  1.15468971e+00 
 1.67340882e-03  1.15468390e+00 
 1.67440882e-03  1.15467865e+00 
 1.67540882e-03  1.15467400e+00 
 1.67640882e-03  1.15466979e+00 
 1.67740882e-03  1.15466606e+00 
 1.67840882e-03  1.15466267e+00 
 1.67940882e-03  1.15465969e+00 
 1.68040882e-03  1.15465696e+00 
 1.68140882e-03  1.15465457e+00 
 1.68240882e-03  1.15465238e+00 
 1.68340882e-03  1.15465047e+00 
 1.68440882e-03  1.15464871e+00 
 1.68540882e-03  1.15464717e+00 
 1.68640882e-03  1.15464576e+00 
 1.68740882e-03  1.15464453e+00 
 1.68840882e-03  1.15464339e+00 
 1.68940882e-03  1.15464241e+00 
 1.69040882e-03  1.15464149e+00 
 1.69140882e-03  1.15464071e+00 
 1.69240882e-03  1.15463997e+00 
 1.69340882e-03  1.15463934e+00 
 1.69440882e-03  1.15463875e+00 
 1.69540882e-03  1.15463825e+00 
 1.69640882e-03  1.15463777e+00 
 1.69740882e-03  1.15463737e+00 
 1.69840882e-03  1.15463698e+00 
 1.69940882e-03  1.15463666e+00 
 1.70040882e-03  1.15463635e+00 
 1.70140882e-03  1.15463610e+00 
 1.70240882e-03  1.15463584e+00 
 1.70340882e-03  1.15463564e+00 
 1.70440882e-03  1.15463543e+00 
 1.70540882e-03  1.15463528e+00 
 1.70640882e-03  1.15463511e+00 
 1.70740882e-03  1.15463498e+00 
 1.70840882e-03  1.15463484e+00 
 1.70940882e-03  1.15463475e+00 
 1.71040882e-03  1.15463463e+00 
 1.71140882e-03  1.15463456e+00 
 1.71240882e-03  1.15463446e+00 
 1.71340882e-03  1.15463441e+00 
 1.71440882e-03  1.15463433e+00 
 1.71540882e-03  1.15463429e+00 
 1.71640882e-03  1.15463422e+00 
 1.71740882e-03  1.15463419e+00 
 1.71840882e-03  1.15463413e+00 
 1.71940882e-03  1.15463411e+00 
 1.72040882e-03  1.15463406e+00 
 1.72140882e-03  1.15463405e+00 
 1.72240882e-03  1.15463400e+00 
 1.72340882e-03  1.15463399e+00 
 1.72440882e-03  1.15463396e+00 
 1.72540882e-03  1.15463395e+00 
 1.72640882e-03  1.15463392e+00 
 1.72740882e-03  1.15463392e+00 
 1.72840882e-03  1.15463389e+00 
 1.72940882e-03  1.15463389e+00 
 1.73040882e-03  1.15463387e+00 
 1.73140882e-03  1.15463387e+00 
 1.73240882e-03  1.15463385e+00 
 1.73340882e-03  1.15463385e+00 
 1.73440882e-03  1.15463383e+00 
 1.73540882e-03  1.15463384e+00 
 1.73640882e-03  1.15463382e+00 
 1.73740882e-03  1.15463383e+00 
 1.73840882e-03  1.15463381e+00 
 1.73940882e-03  1.15463382e+00 
 1.74040882e-03  1.15463380e+00 
 1.74140882e-03  1.15463381e+00 
 1.74240882e-03  1.15463380e+00 
 1.74340882e-03  1.15463381e+00 
 1.74440882e-03  1.15463379e+00 
 1.74540882e-03  1.15463380e+00 
 1.74640882e-03  1.15463379e+00 
 1.74740882e-03  1.15463380e+00 
 1.74840882e-03  1.15463378e+00 
 1.74940882e-03  1.15463379e+00 
 1.75040882e-03  1.15463378e+00 
 1.75140882e-03  1.15463379e+00 
 1.75240882e-03  1.15463378e+00 
 1.75340882e-03  1.15463379e+00 
 1.75440882e-03  1.15463378e+00 
 1.75540882e-03  1.15463379e+00 
 1.75640882e-03  1.15463377e+00 
 1.75740882e-03  1.15463378e+00 
 1.75840882e-03  1.15463377e+00 
 1.75940882e-03  1.15463378e+00 
 1.76040882e-03  1.15463377e+00 
 1.76140882e-03  1.15463378e+00 
 1.76240882e-03  1.15463377e+00 
 1.76340882e-03  1.15463378e+00 
 1.76440882e-03  1.15463377e+00 
 1.76540882e-03  1.15463378e+00 
 1.76640882e-03  1.15463377e+00 
 1.76740882e-03  1.15463378e+00 
 1.76840882e-03  1.15463377e+00 
 1.76940882e-03  1.15463378e+00 
 1.77040882e-03  1.15463377e+00 
 1.77140882e-03  1.15463378e+00 
 1.77240882e-03  1.15463377e+00 
 1.77340882e-03  1.15463377e+00 
 1.77440882e-03  1.15463377e+00 
 1.77540882e-03  1.15463377e+00 
 1.77640882e-03  1.15463377e+00 
 1.77740882e-03  1.15463377e+00 
 1.77840882e-03  1.15463376e+00 
 1.77940882e-03  1.15463377e+00 
 1.78040882e-03  1.15463376e+00 
 1.78140882e-03  1.15463377e+00 
 1.78240882e-03  1.15463376e+00 
 1.78340882e-03  1.15463377e+00 
 1.78440882e-03  1.15463376e+00 
 1.78540882e-03  1.15463377e+00 
 1.78640882e-03  1.15463376e+00 
 1.78740882e-03  1.15463377e+00 
 1.78840882e-03  1.15463376e+00 
 1.78940882e-03  1.15463377e+00 
 1.79040882e-03  1.15463376e+00 
 1.79140882e-03  1.15463377e+00 
 1.79240882e-03  1.15463376e+00 
 1.79340882e-03  1.15463377e+00 
 1.79440882e-03  1.15463376e+00 
 1.79540882e-03  1.15463377e+00 
 1.79640882e-03  1.15463376e+00 
 1.79740882e-03  1.15463377e+00 
 1.79840882e-03  1.15463376e+00 
 1.79940882e-03  1.15463377e+00 
 1.80040882e-03  1.15463376e+00 
 1.80140882e-03  1.15463377e+00 
 1.80240882e-03  1.15463376e+00 
 1.80340882e-03  1.15463377e+00 
 1.80440882e-03  1.15463376e+00 
 1.80540882e-03  1.15463377e+00 
 1.80640882e-03  1.15463376e+00 
 1.80740882e-03  1.15463377e+00 
 1.80840882e-03  1.15463376e+00 
 1.80940882e-03  1.15463377e+00 
 1.81040882e-03  1.15463376e+00 
 1.81140882e-03  1.15463377e+00 
 1.81240882e-03  1.15463376e+00 
 1.81340882e-03  1.15463376e+00 
 1.81440882e-03  1.15463376e+00 
 1.81540882e-03  1.15463376e+00 
 1.81640882e-03  1.15463376e+00 
 1.81740882e-03  1.15463376e+00 
 1.81840882e-03  1.15463376e+00 
 1.81940882e-03  1.15463376e+00 
 1.82040882e-03  1.15463376e+00 
 1.82140882e-03  1.15463376e+00 
 1.82240882e-03  1.15463376e+00 
 1.82340882e-03  1.15463376e+00 
 1.82440882e-03  1.15463376e+00 
 1.82540882e-03  1.15463376e+00 
 1.82640882e-03  1.15463376e+00 
 1.82740882e-03  1.15463376e+00 
 1.82840882e-03  1.15463376e+00 
 1.82940882e-03  1.15463376e+00 
 1.83040882e-03  1.15463376e+00 
 1.83140882e-03  1.15463376e+00 
 1.83240882e-03  1.15463376e+00 
 1.83340882e-03  1.15463376e+00 
 1.83440882e-03  1.15463376e+00 
 1.83540882e-03  1.15463376e+00 
 1.83640882e-03  1.15463376e+00 
 1.83740882e-03  1.15463376e+00 
 1.83840882e-03  1.15463376e+00 
 1.83940882e-03  1.15463376e+00 
 1.84040882e-03  1.15463376e+00 
 1.84140882e-03  1.15463376e+00 
 1.84240882e-03  1.15463376e+00 
 1.84340882e-03  1.15463376e+00 
 1.84440882e-03  1.15463376e+00 
 1.84540882e-03  1.15463376e+00 
 1.84640882e-03  1.15463376e+00 
 1.84740882e-03  1.15463376e+00 
 1.84840882e-03  1.15463375e+00 
 1.84940882e-03  1.15463376e+00 
 1.85040882e-03  1.15463375e+00 
 1.85140882e-03  1.15463376e+00 
 1.85240882e-03  1.15463375e+00 
 1.85340882e-03  1.15463376e+00 
 1.85440882e-03  1.15463375e+00 
 1.85540882e-03  1.15463376e+00 
 1.85640882e-03  1.15463375e+00 
 1.85740882e-03  1.15463376e+00 
 1.85840882e-03  1.15463375e+00 
 1.85940882e-03  1.15463376e+00 
 1.86040882e-03  1.15463375e+00 
 1.86140882e-03  1.15463376e+00 
 1.86240882e-03  1.15463375e+00 
 1.86340882e-03  1.15463376e+00 
 1.86440882e-03  1.15463375e+00 
 1.86540882e-03  1.15463376e+00 
 1.86640882e-03  1.15463375e+00 
 1.86740882e-03  1.15463376e+00 
 1.86840882e-03  1.15463375e+00 
 1.86940882e-03  1.15463376e+00 
 1.87040882e-03  1.15463375e+00 
 1.87140882e-03  1.15463376e+00 
 1.87240882e-03  1.15463375e+00 
 1.87340882e-03  1.15463376e+00 
 1.87440882e-03  1.15463375e+00 
 1.87540882e-03  1.15463376e+00 
 1.87640882e-03  1.15463375e+00 
 1.87740882e-03  1.15463376e+00 
 1.87840882e-03  1.15463375e+00 
 1.87940882e-03  1.15463376e+00 
 1.88040882e-03  1.15463375e+00 
 1.88140882e-03  1.15463376e+00 
 1.88240882e-03  1.15463375e+00 
 1.88340882e-03  1.15463376e+00 
 1.88440882e-03  1.15463375e+00 
 1.88540882e-03  1.15463376e+00 
 1.88640882e-03  1.15463375e+00 
 1.88740882e-03  1.15463376e+00 
 1.88840882e-03  1.15463375e+00 
 1.88940882e-03  1.15463376e+00 
 1.89040882e-03  1.15463375e+00 
 1.89140882e-03  1.15463375e+00 
 1.89240882e-03  1.15463375e+00 
 1.89340882e-03  1.15463375e+00 
 1.89440882e-03  1.15463375e+00 
 1.89540882e-03  1.15463375e+00 
 1.89640882e-03  1.15463375e+00 
 1.89740882e-03  1.15463375e+00 
 1.89840882e-03  1.15463375e+00 
 1.89940882e-03  1.15463375e+00 
 1.90040882e-03  1.15463375e+00 
 1.90140882e-03  1.15463375e+00 
 1.90240882e-03  1.15463375e+00 
 1.90340882e-03  1.15463375e+00 
 1.90440882e-03  1.15463375e+00 
 1.90540882e-03  1.15463375e+00 
 1.90640882e-03  1.15463375e+00 
 1.90740882e-03  1.15463375e+00 
 1.90840882e-03  1.15463375e+00 
 1.90940882e-03  1.15463375e+00 
 1.91040882e-03  1.15463375e+00 
 1.91140882e-03  1.15463375e+00 
 1.91240882e-03  1.15463375e+00 
 1.91340882e-03  1.15463375e+00 
 1.91440882e-03  1.15463375e+00 
 1.91540882e-03  1.15463375e+00 
 1.91640882e-03  1.15463375e+00 
 1.91740882e-03  1.15463375e+00 
 1.91840882e-03  1.15463375e+00 
 1.91940882e-03  1.15463375e+00 
 1.92040882e-03  1.15463375e+00 
 1.92140882e-03  1.15463375e+00 
 1.92240882e-03  1.15463375e+00 
 1.92340882e-03  1.15463375e+00 
 1.92440882e-03  1.15463375e+00 
 1.92540882e-03  1.15463375e+00 
 1.92640882e-03  1.15463375e+00 
 1.92740882e-03  1.15463375e+00 
 1.92840882e-03  1.15463375e+00 
 1.92940882e-03  1.15463375e+00 
 1.93040882e-03  1.15463375e+00 
 1.93140882e-03  1.15463375e+00 
 1.93240882e-03  1.15463375e+00 
 1.93340882e-03  1.15463375e+00 
 1.93440882e-03  1.15463375e+00 
 1.93540882e-03  1.15463375e+00 
 1.93640882e-03  1.15463375e+00 
 1.93740882e-03  1.15463375e+00 
 1.93840882e-03  1.15463375e+00 
 1.93940882e-03  1.15463375e+00 
 1.94040882e-03  1.15463375e+00 
 1.94140882e-03  1.15463375e+00 
 1.94240882e-03  1.15463375e+00 
 1.94340882e-03  1.15463375e+00 
 1.94440882e-03  1.15463375e+00 
 1.94540882e-03  1.15463375e+00 
 1.94640882e-03  1.15463375e+00 
 1.94740882e-03  1.15463375e+00 
 1.94840882e-03  1.15463375e+00 
 1.94940882e-03  1.15463375e+00 
 1.95040882e-03  1.15463375e+00 
 1.95140882e-03  1.15463375e+00 
 1.95240882e-03  1.15463375e+00 
 1.95340882e-03  1.15463375e+00 
 1.95440882e-03  1.15463375e+00 
 1.95540882e-03  1.15463375e+00 
 1.95640882e-03  1.15463375e+00 
 1.95740882e-03  1.15463375e+00 
 1.95840882e-03  1.15463375e+00 
 1.95940882e-03  1.15463375e+00 
 1.96040882e-03  1.15463375e+00 
 1.96140882e-03  1.15463375e+00 
 1.96240882e-03  1.15463375e+00 
 1.96340882e-03  1.15463375e+00 
 1.96440882e-03  1.15463375e+00 
 1.96540882e-03  1.15463375e+00 
 1.96640882e-03  1.15463375e+00 
 1.96740882e-03  1.15463375e+00 
 1.96840882e-03  1.15463375e+00 
 1.96940882e-03  1.15463375e+00 
 1.97040882e-03  1.15463375e+00 
 1.97140882e-03  1.15463375e+00 
 1.97240882e-03  1.15463375e+00 
 1.97340882e-03  1.15463375e+00 
 1.97440882e-03  1.15463375e+00 
 1.97540882e-03  1.15463375e+00 
 1.97640882e-03  1.15463375e+00 
 1.97740882e-03  1.15463375e+00 
 1.97840882e-03  1.15463375e+00 
 1.97940882e-03  1.15463375e+00 
 1.98040882e-03  1.15463375e+00 
 1.98140882e-03  1.15463375e+00 
 1.98240882e-03  1.15463375e+00 
 1.98340882e-03  1.15463375e+00 
 1.98440882e-03  1.15463375e+00 
 1.98540882e-03  1.15463375e+00 
 1.98640882e-03  1.15463375e+00 
 1.98740882e-03  1.15463375e+00 
 1.98840882e-03  1.15463375e+00 
 1.98940882e-03  1.15463375e+00 
 1.99040882e-03  1.15463375e+00 
 1.99140882e-03  1.15463375e+00 
 1.99240882e-03  1.15463375e+00 
 1.99340882e-03  1.15463375e+00 
 1.99440882e-03  1.15463375e+00 
 1.99540882e-03  1.15463375e+00 
 1.99640882e-03  1.15463375e+00 
 1.99740882e-03  1.15463375e+00 
 1.99840882e-03  1.15463375e+00 
 1.99940882e-03  1.15463375e+00 
 2.00000000e-03  1.15463375e+00 
