-1.00000000e-02  1.95054320e-01 
-9.99000000e-03  1.95317861e-01 
-9.98000000e-03  1.95584633e-01 
-9.97000000e-03  1.95852239e-01 
-9.96000000e-03  1.96121505e-01 
-9.95000000e-03  1.96392448e-01 
-9.94000000e-03  1.96665088e-01 
-9.93000000e-03  1.96939445e-01 
-9.92000000e-03  1.97215537e-01 
-9.91000000e-03  1.97493387e-01 
-9.90000000e-03  1.97773014e-01 
-9.89000000e-03  1.98054438e-01 
-9.88000000e-03  1.98337682e-01 
-9.87000000e-03  1.98622766e-01 
-9.86000000e-03  1.98909712e-01 
-9.85000000e-03  1.99198543e-01 
-9.84000000e-03  1.99489280e-01 
-9.83000000e-03  1.99781948e-01 
-9.82000000e-03  2.00076568e-01 
-9.81000000e-03  2.00373164e-01 
-9.80000000e-03  2.00671761e-01 
-9.79000000e-03  2.00972382e-01 
-9.78000000e-03  2.01275052e-01 
-9.77000000e-03  2.01579796e-01 
-9.76000000e-03  2.01886640e-01 
-9.75000000e-03  2.02195609e-01 
-9.74000000e-03  2.02506730e-01 
-9.73000000e-03  2.02820028e-01 
-9.72000000e-03  2.03135532e-01 
-9.71000000e-03  2.03453268e-01 
-9.70000000e-03  2.03773264e-01 
-9.69000000e-03  2.04095549e-01 
-9.68000000e-03  2.04420152e-01 
-9.67000000e-03  2.04747100e-01 
-9.66000000e-03  2.05076425e-01 
-9.65000000e-03  2.05408156e-01 
-9.64000000e-03  2.05742324e-01 
-9.63000000e-03  2.06078960e-01 
-9.62000000e-03  2.06418094e-01 
-9.61000000e-03  2.06759760e-01 
-9.60000000e-03  2.07103990e-01 
-9.59000000e-03  2.07450816e-01 
-9.58000000e-03  2.07800273e-01 
-9.57000000e-03  2.08152393e-01 
-9.56000000e-03  2.08507213e-01 
-9.55000000e-03  2.08864766e-01 
-9.54000000e-03  2.09225088e-01 
-9.53000000e-03  2.09588216e-01 
-9.52000000e-03  2.09954186e-01 
-9.51000000e-03  2.10323035e-01 
-9.50000000e-03  2.10694801e-01 
-9.49000000e-03  2.11069523e-01 
-9.48000000e-03  2.11447240e-01 
-9.47000000e-03  2.11827990e-01 
-9.46000000e-03  2.12211815e-01 
-9.45000000e-03  2.12598754e-01 
-9.44000000e-03  2.12988849e-01 
-9.43000000e-03  2.13382143e-01 
-9.42000000e-03  2.13778677e-01 
-9.41000000e-03  2.14178495e-01 
-9.40000000e-03  2.14581641e-01 
-9.39000000e-03  2.14988158e-01 
-9.38000000e-03  2.15398093e-01 
-9.37000000e-03  2.15811490e-01 
-9.36000000e-03  2.16228396e-01 
-9.35000000e-03  2.16648859e-01 
-9.34000000e-03  2.17072925e-01 
-9.33000000e-03  2.17500643e-01 
-9.32000000e-03  2.17932062e-01 
-9.31000000e-03  2.18367232e-01 
-9.30000000e-03  2.18806203e-01 
-9.29000000e-03  2.19249026e-01 
-9.28000000e-03  2.19695752e-01 
-9.27000000e-03  2.20146435e-01 
-9.26000000e-03  2.20601126e-01 
-9.25000000e-03  2.21059880e-01 
-9.24000000e-03  2.21522752e-01 
-9.23000000e-03  2.21989795e-01 
-9.22000000e-03  2.22461066e-01 
-9.21000000e-03  2.22936621e-01 
-9.20000000e-03  2.23416518e-01 
-9.19000000e-03  2.23900814e-01 
-9.18000000e-03  2.24389567e-01 
-9.17000000e-03  2.24882837e-01 
-9.16000000e-03  2.25380682e-01 
-9.15000000e-03  2.25883165e-01 
-9.14000000e-03  2.26390345e-01 
-9.13000000e-03  2.26902284e-01 
-9.12000000e-03  2.27419045e-01 
-9.11000000e-03  2.27940691e-01 
-9.10000000e-03  2.28467284e-01 
-9.09000000e-03  2.28998890e-01 
-9.08000000e-03  2.29535573e-01 
-9.07000000e-03  2.30077397e-01 
-9.06000000e-03  2.30624429e-01 
-9.05000000e-03  2.31176736e-01 
-9.04000000e-03  2.31734384e-01 
-9.03000000e-03  2.32297440e-01 
-9.02000000e-03  2.32865973e-01 
-9.01000000e-03  2.33440051e-01 
-9.00000000e-03  2.34019742e-01 
-8.99000000e-03  2.34605116e-01 
-8.98000000e-03  2.35196242e-01 
-8.97000000e-03  2.35793191e-01 
-8.96000000e-03  2.36396032e-01 
-8.95000000e-03  2.37004837e-01 
-8.94000000e-03  2.37619676e-01 
-8.93000000e-03  2.38240621e-01 
-8.92000000e-03  2.38867743e-01 
-8.91000000e-03  2.39501113e-01 
-8.90000000e-03  2.40140804e-01 
-8.89000000e-03  2.40786887e-01 
-8.88000000e-03  2.41439435e-01 
-8.87000000e-03  2.42098519e-01 
-8.86000000e-03  2.42764211e-01 
-8.85000000e-03  2.43436585e-01 
-8.84000000e-03  2.44115711e-01 
-8.83000000e-03  2.44801661e-01 
-8.82000000e-03  2.45494508e-01 
-8.81000000e-03  2.46194323e-01 
-8.80000000e-03  2.46901176e-01 
-8.79000000e-03  2.47615140e-01 
-8.78000000e-03  2.48336285e-01 
-8.77000000e-03  2.49064681e-01 
-8.76000000e-03  2.49800398e-01 
-8.75000000e-03  2.50543506e-01 
-8.74000000e-03  2.51294073e-01 
-8.73000000e-03  2.52052167e-01 
-8.72000000e-03  2.52817858e-01 
-8.71000000e-03  2.53591210e-01 
-8.70000000e-03  2.54372292e-01 
-8.69000000e-03  2.55161168e-01 
-8.68000000e-03  2.55957903e-01 
-8.67000000e-03  2.56762562e-01 
-8.66000000e-03  2.57575207e-01 
-8.65000000e-03  2.58395899e-01 
-8.64000000e-03  2.59224702e-01 
-8.63000000e-03  2.60061673e-01 
-8.62000000e-03  2.60906873e-01 
-8.61000000e-03  2.61760358e-01 
-8.60000000e-03  2.62622187e-01 
-8.59000000e-03  2.63492413e-01 
-8.58000000e-03  2.64371092e-01 
-8.57000000e-03  2.65258277e-01 
-8.56000000e-03  2.66154018e-01 
-8.55000000e-03  2.67058366e-01 
-8.54000000e-03  2.67971370e-01 
-8.53000000e-03  2.68893077e-01 
-8.52000000e-03  2.69823534e-01 
-8.51000000e-03  2.70762785e-01 
-8.50000000e-03  2.71710873e-01 
-8.49000000e-03  2.72667840e-01 
-8.48000000e-03  2.73633725e-01 
-8.47000000e-03  2.74608568e-01 
-8.46000000e-03  2.75592404e-01 
-8.45000000e-03  2.76585270e-01 
-8.44000000e-03  2.77587200e-01 
-8.43000000e-03  2.78598225e-01 
-8.42000000e-03  2.79618377e-01 
-8.41000000e-03  2.80647684e-01 
-8.40000000e-03  2.81686174e-01 
-8.39000000e-03  2.82733874e-01 
-8.38000000e-03  2.83790806e-01 
-8.37000000e-03  2.84856996e-01 
-8.36000000e-03  2.85932462e-01 
-8.35000000e-03  2.87017227e-01 
-8.34000000e-03  2.88111307e-01 
-8.33000000e-03  2.89214721e-01 
-8.32000000e-03  2.90327482e-01 
-8.31000000e-03  2.91449605e-01 
-8.30000000e-03  2.92581104e-01 
-8.29000000e-03  2.93721988e-01 
-8.28000000e-03  2.94872267e-01 
-8.27000000e-03  2.96031951e-01 
-8.26000000e-03  2.97201047e-01 
-8.25000000e-03  2.98379559e-01 
-8.24000000e-03  2.99567494e-01 
-8.23000000e-03  3.00764854e-01 
-8.22000000e-03  3.01971642e-01 
-8.21000000e-03  3.03187859e-01 
-8.20000000e-03  3.04413505e-01 
-8.19000000e-03  3.05648580e-01 
-8.18000000e-03  3.06893081e-01 
-8.17000000e-03  3.08147006e-01 
-8.16000000e-03  3.09410351e-01 
-8.15000000e-03  3.10683112e-01 
-8.14000000e-03  3.11965283e-01 
-8.13000000e-03  3.13256857e-01 
-8.12000000e-03  3.14557828e-01 
-8.11000000e-03  3.15868188e-01 
-8.10000000e-03  3.17187929e-01 
-8.09000000e-03  3.18517041e-01 
-8.08000000e-03  3.19855516e-01 
-8.07000000e-03  3.21203342e-01 
-8.06000000e-03  3.22560509e-01 
-8.05000000e-03  3.23927006e-01 
-8.04000000e-03  3.25302821e-01 
-8.03000000e-03  3.26687942e-01 
-8.02000000e-03  3.28082357e-01 
-8.01000000e-03  3.29486053e-01 
-8.00000000e-03  3.30899016e-01 
-7.99000000e-03  3.32321234e-01 
-7.98000000e-03  3.33752693e-01 
-7.97000000e-03  3.35193379e-01 
-7.96000000e-03  3.36643277e-01 
-7.95000000e-03  3.38102374e-01 
-7.94000000e-03  3.39570656e-01 
-7.93000000e-03  3.41048107e-01 
-7.92000000e-03  3.42534713e-01 
-7.91000000e-03  3.44030460e-01 
-7.90000000e-03  3.45535333e-01 
-7.89000000e-03  3.47049317e-01 
-7.88000000e-03  3.48572398e-01 
-7.87000000e-03  3.50104560e-01 
-7.86000000e-03  3.51645790e-01 
-7.85000000e-03  3.53196072e-01 
-7.84000000e-03  3.54755392e-01 
-7.83000000e-03  3.56323736e-01 
-7.82000000e-03  3.57901088e-01 
-7.81000000e-03  3.59487436e-01 
-7.80000000e-03  3.61082764e-01 
-7.79000000e-03  3.62687059e-01 
-7.78000000e-03  3.64300307e-01 
-7.77000000e-03  3.65922494e-01 
-7.76000000e-03  3.67553606e-01 
-7.75000000e-03  3.69193630e-01 
-7.74000000e-03  3.70842552e-01 
-7.73000000e-03  3.72500360e-01 
-7.72000000e-03  3.74167041e-01 
-7.71000000e-03  3.75842581e-01 
-7.70000000e-03  3.77526969e-01 
-7.69000000e-03  3.79220192e-01 
-7.68000000e-03  3.80922237e-01 
-7.67000000e-03  3.82633093e-01 
-7.66000000e-03  3.84352747e-01 
-7.65000000e-03  3.86081189e-01 
-7.64000000e-03  3.87818406e-01 
-7.63000000e-03  3.89564387e-01 
-7.62000000e-03  3.91319122e-01 
-7.61000000e-03  3.93082599e-01 
-7.60000000e-03  3.94854808e-01 
-7.59000000e-03  3.96635738e-01 
-7.58000000e-03  3.98425379e-01 
-7.57000000e-03  4.00223720e-01 
-7.56000000e-03  4.02030751e-01 
-7.55000000e-03  4.03846463e-01 
-7.54000000e-03  4.05670846e-01 
-7.53000000e-03  4.07503890e-01 
-7.52000000e-03  4.09345586e-01 
-7.51000000e-03  4.11195924e-01 
-7.50000000e-03  4.13054896e-01 
-7.49000000e-03  4.14922492e-01 
-7.48000000e-03  4.16798704e-01 
-7.47000000e-03  4.18683522e-01 
-7.46000000e-03  4.20576938e-01 
-7.45000000e-03  4.22478944e-01 
-7.44000000e-03  4.24389531e-01 
-7.43000000e-03  4.26308691e-01 
-7.42000000e-03  4.28236415e-01 
-7.41000000e-03  4.30172695e-01 
-7.40000000e-03  4.32117523e-01 
-7.39000000e-03  4.34070891e-01 
-7.38000000e-03  4.36032791e-01 
-7.37000000e-03  4.38003215e-01 
-7.36000000e-03  4.39982155e-01 
-7.35000000e-03  4.41969603e-01 
-7.34000000e-03  4.43965552e-01 
-7.33000000e-03  4.45969992e-01 
-7.32000000e-03  4.47982917e-01 
-7.31000000e-03  4.50004319e-01 
-7.30000000e-03  4.52034189e-01 
-7.29000000e-03  4.54072521e-01 
-7.28000000e-03  4.56119305e-01 
-7.27000000e-03  4.58174534e-01 
-7.26000000e-03  4.60238200e-01 
-7.25000000e-03  4.62310295e-01 
-7.24000000e-03  4.64390811e-01 
-7.23000000e-03  4.66479739e-01 
-7.22000000e-03  4.68577073e-01 
-7.21000000e-03  4.70682802e-01 
-7.20000000e-03  4.72796919e-01 
-7.19000000e-03  4.74919415e-01 
-7.18000000e-03  4.77050282e-01 
-7.17000000e-03  4.79189511e-01 
-7.16000000e-03  4.81337093e-01 
-7.15000000e-03  4.83493020e-01 
-7.14000000e-03  4.85657281e-01 
-7.13000000e-03  4.87829869e-01 
-7.12000000e-03  4.90010773e-01 
-7.11000000e-03  4.92199984e-01 
-7.10000000e-03  4.94397492e-01 
-7.09000000e-03  4.96603288e-01 
-7.08000000e-03  4.98817362e-01 
-7.07000000e-03  5.01039703e-01 
-7.06000000e-03  5.03270300e-01 
-7.05000000e-03  5.05509144e-01 
-7.04000000e-03  5.07756223e-01 
-7.03000000e-03  5.10011527e-01 
-7.02000000e-03  5.12275044e-01 
-7.01000000e-03  5.14546762e-01 
-7.00000000e-03  5.16826671e-01 
-6.99000000e-03  5.19114758e-01 
-6.98000000e-03  5.21411010e-01 
-6.97000000e-03  5.23715416e-01 
-6.96000000e-03  5.26027963e-01 
-6.95000000e-03  5.28348637e-01 
-6.94000000e-03  5.30677427e-01 
-6.93000000e-03  5.33014317e-01 
-6.92000000e-03  5.35359295e-01 
-6.91000000e-03  5.37712346e-01 
-6.90000000e-03  5.40073456e-01 
-6.89000000e-03  5.42442610e-01 
-6.88000000e-03  5.44819794e-01 
-6.87000000e-03  5.47204991e-01 
-6.86000000e-03  5.49598188e-01 
-6.85000000e-03  5.51999366e-01 
-6.84000000e-03  5.54408512e-01 
-6.83000000e-03  5.56825607e-01 
-6.82000000e-03  5.59250635e-01 
-6.81000000e-03  5.61683578e-01 
-6.80000000e-03  5.64124421e-01 
-6.79000000e-03  5.66573143e-01 
-6.78000000e-03  5.69029727e-01 
-6.77000000e-03  5.71494155e-01 
-6.76000000e-03  5.73966408e-01 
-6.75000000e-03  5.76446465e-01 
-6.74000000e-03  5.78934308e-01 
-6.73000000e-03  5.81429916e-01 
-6.72000000e-03  5.83933270e-01 
-6.71000000e-03  5.86444347e-01 
-6.70000000e-03  5.88963128e-01 
-6.69000000e-03  5.91489589e-01 
-6.68000000e-03  5.94023710e-01 
-6.67000000e-03  5.96565468e-01 
-6.66000000e-03  5.99114840e-01 
-6.65000000e-03  6.01671804e-01 
-6.64000000e-03  6.04236335e-01 
-6.63000000e-03  6.06808409e-01 
-6.62000000e-03  6.09388002e-01 
-6.61000000e-03  6.11975090e-01 
-6.60000000e-03  6.14569647e-01 
-6.59000000e-03  6.17171648e-01 
-6.58000000e-03  6.19781066e-01 
-6.57000000e-03  6.22397876e-01 
-6.56000000e-03  6.25022050e-01 
-6.55000000e-03  6.27653561e-01 
-6.54000000e-03  6.30292382e-01 
-6.53000000e-03  6.32938484e-01 
-6.52000000e-03  6.35591838e-01 
-6.51000000e-03  6.38252417e-01 
-6.50000000e-03  6.40920190e-01 
-6.49000000e-03  6.43595128e-01 
-6.48000000e-03  6.46277201e-01 
-6.47000000e-03  6.48966377e-01 
-6.46000000e-03  6.51662626e-01 
-6.45000000e-03  6.54365917e-01 
-6.44000000e-03  6.57076217e-01 
-6.43000000e-03  6.59793495e-01 
-6.42000000e-03  6.62517717e-01 
-6.41000000e-03  6.65248850e-01 
-6.40000000e-03  6.67986860e-01 
-6.39000000e-03  6.70731715e-01 
-6.38000000e-03  6.73483378e-01 
-6.37000000e-03  6.76241815e-01 
-6.36000000e-03  6.79006992e-01 
-6.35000000e-03  6.81778872e-01 
-6.34000000e-03  6.84557419e-01 
-6.33000000e-03  6.87342597e-01 
-6.32000000e-03  6.90134368e-01 
-6.31000000e-03  6.92932695e-01 
-6.30000000e-03  6.95737541e-01 
-6.29000000e-03  6.98548867e-01 
-6.28000000e-03  7.01366635e-01 
-6.27000000e-03  7.04190806e-01 
-6.26000000e-03  7.07021340e-01 
-6.25000000e-03  7.09858197e-01 
-6.24000000e-03  7.12701337e-01 
-6.23000000e-03  7.15550721e-01 
-6.22000000e-03  7.18406306e-01 
-6.21000000e-03  7.21268051e-01 
-6.20000000e-03  7.24135915e-01 
-6.19000000e-03  7.27009855e-01 
-6.18000000e-03  7.29889829e-01 
-6.17000000e-03  7.32775794e-01 
-6.16000000e-03  7.35667707e-01 
-6.15000000e-03  7.38565524e-01 
-6.14000000e-03  7.41469201e-01 
-6.13000000e-03  7.44378693e-01 
-6.12000000e-03  7.47293957e-01 
-6.11000000e-03  7.50214947e-01 
-6.10000000e-03  7.53141617e-01 
-6.09000000e-03  7.56073922e-01 
-6.08000000e-03  7.59011816e-01 
-6.07000000e-03  7.61955253e-01 
-6.06000000e-03  7.64904184e-01 
-6.05000000e-03  7.67858565e-01 
-6.04000000e-03  7.70818347e-01 
-6.03000000e-03  7.73783482e-01 
-6.02000000e-03  7.76753922e-01 
-6.01000000e-03  7.79729620e-01 
-6.00000000e-03  7.82710526e-01 
-5.99000000e-03  7.85696592e-01 
-5.98000000e-03  7.88687769e-01 
-5.97000000e-03  7.91684007e-01 
-5.96000000e-03  7.94685255e-01 
-5.95000000e-03  7.97691466e-01 
-5.94000000e-03  8.00702587e-01 
-5.93000000e-03  8.03718569e-01 
-5.92000000e-03  8.06739361e-01 
-5.91000000e-03  8.09764912e-01 
-5.90000000e-03  8.12795170e-01 
-5.89000000e-03  8.15830084e-01 
-5.88000000e-03  8.18869603e-01 
-5.87000000e-03  8.21913675e-01 
-5.86000000e-03  8.24962246e-01 
-5.85000000e-03  8.28015266e-01 
-5.84000000e-03  8.31072681e-01 
-5.83000000e-03  8.34134440e-01 
-5.82000000e-03  8.37200488e-01 
-5.81000000e-03  8.40270772e-01 
-5.80000000e-03  8.43345241e-01 
-5.79000000e-03  8.46423839e-01 
-5.78000000e-03  8.49506514e-01 
-5.77000000e-03  8.52593212e-01 
-5.76000000e-03  8.55683879e-01 
-5.75000000e-03  8.58778461e-01 
-5.74000000e-03  8.61876904e-01 
-5.73000000e-03  8.64979153e-01 
-5.72000000e-03  8.68085155e-01 
-5.71000000e-03  8.71194854e-01 
-5.70000000e-03  8.74308196e-01 
-5.69000000e-03  8.77425126e-01 
-5.68000000e-03  8.80545591e-01 
-5.67000000e-03  8.83669534e-01 
-5.66000000e-03  8.86796901e-01 
-5.65000000e-03  8.89927636e-01 
-5.64000000e-03  8.93061686e-01 
-5.63000000e-03  8.96198994e-01 
-5.62000000e-03  8.99339505e-01 
-5.61000000e-03  9.02483165e-01 
-5.60000000e-03  9.05629919e-01 
-5.59000000e-03  9.08779710e-01 
-5.58000000e-03  9.11932483e-01 
-5.57000000e-03  9.15088184e-01 
-5.56000000e-03  9.18246757e-01 
-5.55000000e-03  9.21408147e-01 
-5.54000000e-03  9.24572298e-01 
-5.53000000e-03  9.27739155e-01 
-5.52000000e-03  9.30908664e-01 
-5.51000000e-03  9.34080768e-01 
-5.50000000e-03  9.37255413e-01 
-5.49000000e-03  9.40432543e-01 
-5.48000000e-03  9.43612104e-01 
-5.47000000e-03  9.46794040e-01 
-5.46000000e-03  9.49978297e-01 
-5.45000000e-03  9.53164820e-01 
-5.44000000e-03  9.56353554e-01 
-5.43000000e-03  9.59544443e-01 
-5.42000000e-03  9.62737435e-01 
-5.41000000e-03  9.65932473e-01 
-5.40000000e-03  9.69129504e-01 
-5.39000000e-03  9.72328473e-01 
-5.38000000e-03  9.75529326e-01 
-5.37000000e-03  9.78732009e-01 
-5.36000000e-03  9.81936469e-01 
-5.35000000e-03  9.85142650e-01 
-5.34000000e-03  9.88350501e-01 
-5.33000000e-03  9.91559966e-01 
-5.32000000e-03  9.94770993e-01 
-5.31000000e-03  9.97983528e-01 
-5.30000000e-03  1.00119752e+00 
-5.29000000e-03  1.00441291e+00 
-5.28000000e-03  1.00762966e+00 
-5.27000000e-03  1.01084770e+00 
-5.26000000e-03  1.01406698e+00 
-5.25000000e-03  1.01728746e+00 
-5.24000000e-03  1.02050908e+00 
-5.23000000e-03  1.02373179e+00 
-5.22000000e-03  1.02695553e+00 
-5.21000000e-03  1.03018026e+00 
-5.20000000e-03  1.03340593e+00 
-5.19000000e-03  1.03663248e+00 
-5.18000000e-03  1.03985986e+00 
-5.17000000e-03  1.04308802e+00 
-5.16000000e-03  1.04631692e+00 
-5.15000000e-03  1.04954650e+00 
-5.14000000e-03  1.05277672e+00 
-5.13000000e-03  1.05600751e+00 
-5.12000000e-03  1.05923884e+00 
-5.11000000e-03  1.06247066e+00 
-5.10000000e-03  1.06570291e+00 
-5.09000000e-03  1.06893554e+00 
-5.08000000e-03  1.07216852e+00 
-5.07000000e-03  1.07540179e+00 
-5.06000000e-03  1.07863530e+00 
-5.05000000e-03  1.08186901e+00 
-5.04000000e-03  1.08510287e+00 
-5.03000000e-03  1.08833682e+00 
-5.02000000e-03  1.09157084e+00 
-5.01000000e-03  1.09480486e+00 
-5.00000000e-03  1.09803885e+00 
-4.99000000e-03  1.10127275e+00 
-4.98000000e-03  1.10450653e+00 
-4.97000000e-03  1.10774013e+00 
-4.96000000e-03  1.11097351e+00 
-4.95000000e-03  1.11420663e+00 
-4.94000000e-03  1.11743944e+00 
-4.93000000e-03  1.12067191e+00 
-4.92000000e-03  1.12390398e+00 
-4.91000000e-03  1.12713561e+00 
-4.90000000e-03  1.13036676e+00 
-4.89000000e-03  1.13359738e+00 
-4.88000000e-03  1.13682744e+00 
-4.87000000e-03  1.14005690e+00 
-4.86000000e-03  1.14328570e+00 
-4.85000000e-03  1.14651381e+00 
-4.84000000e-03  1.14974119e+00 
-4.83000000e-03  1.15296780e+00 
-4.82000000e-03  1.15619359e+00 
-4.81000000e-03  1.15941853e+00 
-4.80000000e-03  1.16264258e+00 
-4.79000000e-03  1.16586569e+00 
-4.78000000e-03  1.16908784e+00 
-4.77000000e-03  1.17230897e+00 
-4.76000000e-03  1.17552905e+00 
-4.75000000e-03  1.17874805e+00 
-4.74000000e-03  1.18196592e+00 
-4.73000000e-03  1.18518263e+00 
-4.72000000e-03  1.18839814e+00 
-4.71000000e-03  1.19161242e+00 
-4.70000000e-03  1.19482542e+00 
-4.69000000e-03  1.19803712e+00 
-4.68000000e-03  1.20124747e+00 
-4.67000000e-03  1.20445644e+00 
-4.66000000e-03  1.20766399e+00 
-4.65000000e-03  1.21087010e+00 
-4.64000000e-03  1.21407472e+00 
-4.63000000e-03  1.21727783e+00 
-4.62000000e-03  1.22047938e+00 
-4.61000000e-03  1.22367935e+00 
-4.60000000e-03  1.22687770e+00 
-4.59000000e-03  1.23007441e+00 
-4.58000000e-03  1.23326942e+00 
-4.57000000e-03  1.23646273e+00 
-4.56000000e-03  1.23965428e+00 
-4.55000000e-03  1.24284406e+00 
-4.54000000e-03  1.24603203e+00 
-4.53000000e-03  1.24921816e+00 
-4.52000000e-03  1.25240242e+00 
-4.51000000e-03  1.25558478e+00 
-4.50000000e-03  1.25876522e+00 
-4.49000000e-03  1.26194369e+00 
-4.48000000e-03  1.26512017e+00 
-4.47000000e-03  1.26829464e+00 
-4.46000000e-03  1.27146706e+00 
-4.45000000e-03  1.27463741e+00 
-4.44000000e-03  1.27780566e+00 
-4.43000000e-03  1.28097178e+00 
-4.42000000e-03  1.28413575e+00 
-4.41000000e-03  1.28729754e+00 
-4.40000000e-03  1.29045711e+00 
-4.39000000e-03  1.29361446e+00 
-4.38000000e-03  1.29676954e+00 
-4.37000000e-03  1.29992234e+00 
-4.36000000e-03  1.30307282e+00 
-4.35000000e-03  1.30622098e+00 
-4.34000000e-03  1.30936677e+00 
-4.33000000e-03  1.31251018e+00 
-4.32000000e-03  1.31565118e+00 
-4.31000000e-03  1.31878975e+00 
-4.30000000e-03  1.32192586e+00 
-4.29000000e-03  1.32505950e+00 
-4.28000000e-03  1.32819064e+00 
-4.27000000e-03  1.33131925e+00 
-4.26000000e-03  1.33444533e+00 
-4.25000000e-03  1.33756883e+00 
-4.24000000e-03  1.34068975e+00 
-4.23000000e-03  1.34380806e+00 
-4.22000000e-03  1.34692374e+00 
-4.21000000e-03  1.35003677e+00 
-4.20000000e-03  1.35314713e+00 
-4.19000000e-03  1.35625480e+00 
-4.18000000e-03  1.35935976e+00 
-4.17000000e-03  1.36246199e+00 
-4.16000000e-03  1.36556147e+00 
-4.15000000e-03  1.36865818e+00 
-4.14000000e-03  1.37175211e+00 
-4.13000000e-03  1.37484324e+00 
-4.12000000e-03  1.37793154e+00 
-4.11000000e-03  1.38101701e+00 
-4.10000000e-03  1.38409962e+00 
-4.09000000e-03  1.38717935e+00 
-4.08000000e-03  1.39025619e+00 
-4.07000000e-03  1.39333013e+00 
-4.06000000e-03  1.39640114e+00 
-4.05000000e-03  1.39946921e+00 
-4.04000000e-03  1.40253433e+00 
-4.03000000e-03  1.40559647e+00 
-4.02000000e-03  1.40865563e+00 
-4.01000000e-03  1.41171179e+00 
-4.00000000e-03  1.41476493e+00 
-3.99000000e-03  1.41781504e+00 
-3.98000000e-03  1.42086210e+00 
-3.97000000e-03  1.42390611e+00 
-3.96000000e-03  1.42694704e+00 
-3.95000000e-03  1.42998488e+00 
-3.94000000e-03  1.43301962e+00 
-3.93000000e-03  1.43605126e+00 
-3.92000000e-03  1.43907976e+00 
-3.91000000e-03  1.44210513e+00 
-3.90000000e-03  1.44512734e+00 
-3.89000000e-03  1.44814639e+00 
-3.88000000e-03  1.45116227e+00 
-3.87000000e-03  1.45417496e+00 
-3.86000000e-03  1.45718445e+00 
-3.85000000e-03  1.46019073e+00 
-3.84000000e-03  1.46319380e+00 
-3.83000000e-03  1.46619363e+00 
-3.82000000e-03  1.46919021e+00 
-3.81000000e-03  1.47218355e+00 
-3.80000000e-03  1.47517362e+00 
-3.79000000e-03  1.47816042e+00 
-3.78000000e-03  1.48114394e+00 
-3.77000000e-03  1.48412417e+00 
-3.76000000e-03  1.48710109e+00 
-3.75000000e-03  1.49007470e+00 
-3.74000000e-03  1.49304500e+00 
-3.73000000e-03  1.49601197e+00 
-3.72000000e-03  1.49897560e+00 
-3.71000000e-03  1.50193588e+00 
-3.70000000e-03  1.50489281e+00 
-3.69000000e-03  1.50784639e+00 
-3.68000000e-03  1.51079659e+00 
-3.67000000e-03  1.51374341e+00 
-3.66000000e-03  1.51668685e+00 
-3.65000000e-03  1.51962690e+00 
-3.64000000e-03  1.52256356e+00 
-3.63000000e-03  1.52549680e+00 
-3.62000000e-03  1.52842664e+00 
-3.61000000e-03  1.53135305e+00 
-3.60000000e-03  1.53427604e+00 
-3.59000000e-03  1.53719560e+00 
-3.58000000e-03  1.54011173e+00 
-3.57000000e-03  1.54302441e+00 
-3.56000000e-03  1.54593364e+00 
-3.55000000e-03  1.54883942e+00 
-3.54000000e-03  1.55174173e+00 
-3.53000000e-03  1.55464059e+00 
-3.52000000e-03  1.55753597e+00 
-3.51000000e-03  1.56042788e+00 
-3.50000000e-03  1.56331631e+00 
-3.49000000e-03  1.56620125e+00 
-3.48000000e-03  1.56908271e+00 
-3.47000000e-03  1.57196067e+00 
-3.46000000e-03  1.57483514e+00 
-3.45000000e-03  1.57770610e+00 
-3.44000000e-03  1.58057356e+00 
-3.43000000e-03  1.58343752e+00 
-3.42000000e-03  1.58629796e+00 
-3.41000000e-03  1.58915488e+00 
-3.40000000e-03  1.59200828e+00 
-3.39000000e-03  1.59485817e+00 
-3.38000000e-03  1.59770453e+00 
-3.37000000e-03  1.60054736e+00 
-3.36000000e-03  1.60338665e+00 
-3.35000000e-03  1.60622242e+00 
-3.34000000e-03  1.60905465e+00 
-3.33000000e-03  1.61188334e+00 
-3.32000000e-03  1.61470849e+00 
-3.31000000e-03  1.61753010e+00 
-3.30000000e-03  1.62034816e+00 
-3.29000000e-03  1.62316268e+00 
-3.28000000e-03  1.62597364e+00 
-3.27000000e-03  1.62878106e+00 
-3.26000000e-03  1.63158493e+00 
-3.25000000e-03  1.63438524e+00 
-3.24000000e-03  1.63718199e+00 
-3.23000000e-03  1.63997519e+00 
-3.22000000e-03  1.64276484e+00 
-3.21000000e-03  1.64555092e+00 
-3.20000000e-03  1.64833345e+00 
-3.19000000e-03  1.65111242e+00 
-3.18000000e-03  1.65388782e+00 
-3.17000000e-03  1.65665967e+00 
-3.16000000e-03  1.65942795e+00 
-3.15000000e-03  1.66219267e+00 
-3.14000000e-03  1.66495383e+00 
-3.13000000e-03  1.66771143e+00 
-3.12000000e-03  1.67046546e+00 
-3.11000000e-03  1.67321593e+00 
-3.10000000e-03  1.67596284e+00 
-3.09000000e-03  1.67870618e+00 
-3.08000000e-03  1.68144597e+00 
-3.07000000e-03  1.68418219e+00 
-3.06000000e-03  1.68691485e+00 
-3.05000000e-03  1.68964395e+00 
-3.04000000e-03  1.69236948e+00 
-3.03000000e-03  1.69509146e+00 
-3.02000000e-03  1.69780988e+00 
-3.01000000e-03  1.70052474e+00 
-3.00000000e-03  1.70323604e+00 
-2.99000000e-03  1.70594379e+00 
-2.98000000e-03  1.70864798e+00 
-2.97000000e-03  1.71134862e+00 
-2.96000000e-03  1.71404570e+00 
-2.95000000e-03  1.71673924e+00 
-2.94000000e-03  1.71942922e+00 
-2.93000000e-03  1.72211565e+00 
-2.92000000e-03  1.72479854e+00 
-2.91000000e-03  1.72747788e+00 
-2.90000000e-03  1.73015367e+00 
-2.89000000e-03  1.73282593e+00 
-2.88000000e-03  1.73549464e+00 
-2.87000000e-03  1.73815981e+00 
-2.86000000e-03  1.74082145e+00 
-2.85000000e-03  1.74347955e+00 
-2.84000000e-03  1.74613412e+00 
-2.83000000e-03  1.74878516e+00 
-2.82000000e-03  1.75143267e+00 
-2.81000000e-03  1.75407665e+00 
-2.80000000e-03  1.75671711e+00 
-2.79000000e-03  1.75935405e+00 
-2.78000000e-03  1.76198746e+00 
-2.77000000e-03  1.76461736e+00 
-2.76000000e-03  1.76724375e+00 
-2.75000000e-03  1.76986662e+00 
-2.74000000e-03  1.77248599e+00 
-2.73000000e-03  1.77510184e+00 
-2.72000000e-03  1.77771420e+00 
-2.71000000e-03  1.78032305e+00 
-2.70000000e-03  1.78292840e+00 
-2.69000000e-03  1.78553026e+00 
-2.68000000e-03  1.78812862e+00 
-2.67000000e-03  1.79072350e+00 
-2.66000000e-03  1.79331489e+00 
-2.65000000e-03  1.79590279e+00 
-2.64000000e-03  1.79848721e+00 
-2.63000000e-03  1.80106816e+00 
-2.62000000e-03  1.80364563e+00 
-2.61000000e-03  1.80621963e+00 
-2.60000000e-03  1.80879016e+00 
-2.59000000e-03  1.81135723e+00 
-2.58000000e-03  1.81392084e+00 
-2.57000000e-03  1.81648098e+00 
-2.56000000e-03  1.81903768e+00 
-2.55000000e-03  1.82159092e+00 
-2.54000000e-03  1.82414071e+00 
-2.53000000e-03  1.82668706e+00 
-2.52000000e-03  1.82922997e+00 
-2.51000000e-03  1.83176944e+00 
-2.50000000e-03  1.83430548e+00 
-2.49000000e-03  1.83683809e+00 
-2.48000000e-03  1.83936728e+00 
-2.47000000e-03  1.84189304e+00 
-2.46000000e-03  1.84441538e+00 
-2.45000000e-03  1.84693431e+00 
-2.44000000e-03  1.84944982e+00 
-2.43000000e-03  1.85196193e+00 
-2.42000000e-03  1.85447064e+00 
-2.41000000e-03  1.85697595e+00 
-2.40000000e-03  1.85947786e+00 
-2.39000000e-03  1.86197638e+00 
-2.38000000e-03  1.86447151e+00 
-2.37000000e-03  1.86696326e+00 
-2.36000000e-03  1.86945163e+00 
-2.35000000e-03  1.87193663e+00 
-2.34000000e-03  1.87441825e+00 
-2.33000000e-03  1.87689650e+00 
-2.32000000e-03  1.87937140e+00 
-2.31000000e-03  1.88184293e+00 
-2.30000000e-03  1.88431111e+00 
-2.29000000e-03  1.88677594e+00 
-2.28000000e-03  1.88923742e+00 
-2.27000000e-03  1.89169556e+00 
-2.26000000e-03  1.89415037e+00 
-2.25000000e-03  1.89660184e+00 
-2.24000000e-03  1.89904998e+00 
-2.23000000e-03  1.90149479e+00 
-2.22000000e-03  1.90393629e+00 
-2.21000000e-03  1.90637447e+00 
-2.20000000e-03  1.90880934e+00 
-2.19000000e-03  1.91124090e+00 
-2.18000000e-03  1.91366915e+00 
-2.17000000e-03  1.91609411e+00 
-2.16000000e-03  1.91851578e+00 
-2.15000000e-03  1.92093415e+00 
-2.14000000e-03  1.92334924e+00 
-2.13000000e-03  1.92576105e+00 
-2.12000000e-03  1.92816958e+00 
-2.11000000e-03  1.93057485e+00 
-2.10000000e-03  1.93297684e+00 
-2.09000000e-03  1.93537557e+00 
-2.08000000e-03  1.93777105e+00 
-2.07000000e-03  1.94016327e+00 
-2.06000000e-03  1.94255224e+00 
-2.05000000e-03  1.94493797e+00 
-2.04000000e-03  1.94732046e+00 
-2.03000000e-03  1.94969971e+00 
-2.02000000e-03  1.95207573e+00 
-2.01000000e-03  1.95444853e+00 
-2.00000000e-03  1.95681811e+00 
-1.99000000e-03  1.95918446e+00 
-1.98000000e-03  1.96154761e+00 
-1.97000000e-03  1.96390755e+00 
-1.96000000e-03  1.96626429e+00 
-1.95000000e-03  1.96861783e+00 
-1.94000000e-03  1.97096818e+00 
-1.93000000e-03  1.97331534e+00 
-1.92000000e-03  1.97565931e+00 
-1.91000000e-03  1.97800011e+00 
-1.90000000e-03  1.98033773e+00 
-1.89000000e-03  1.98267219e+00 
-1.88000000e-03  1.98500347e+00 
-1.87000000e-03  1.98733160e+00 
-1.86000000e-03  1.98965657e+00 
-1.85000000e-03  1.99197840e+00 
-1.84000000e-03  1.99429707e+00 
-1.83000000e-03  1.99661261e+00 
-1.82000000e-03  1.99892501e+00 
-1.81000000e-03  2.00123428e+00 
-1.80000000e-03  2.00354042e+00 
-1.79000000e-03  2.00584344e+00 
-1.78000000e-03  2.00814334e+00 
-1.77000000e-03  2.01044013e+00 
-1.76000000e-03  2.01273381e+00 
-1.75000000e-03  2.01502439e+00 
-1.74000000e-03  2.01731187e+00 
-1.73000000e-03  2.01959626e+00 
-1.72000000e-03  2.02187756e+00 
-1.71000000e-03  2.02415578e+00 
-1.70000000e-03  2.02643092e+00 
-1.69000000e-03  2.02870298e+00 
-1.68000000e-03  2.03097198e+00 
-1.67000000e-03  2.03323791e+00 
-1.66000000e-03  2.03550078e+00 
-1.65000000e-03  2.03776059e+00 
-1.64000000e-03  2.04001736e+00 
-1.63000000e-03  2.04227108e+00 
-1.62000000e-03  2.04452176e+00 
-1.61000000e-03  2.04676940e+00 
-1.60000000e-03  2.04901401e+00 
-1.59000000e-03  2.05125560e+00 
-1.58000000e-03  2.05349417e+00 
-1.57000000e-03  2.05572972e+00 
-1.56000000e-03  2.05796226e+00 
-1.55000000e-03  2.06019179e+00 
-1.54000000e-03  2.06241831e+00 
-1.53000000e-03  2.06464185e+00 
-1.52000000e-03  2.06686238e+00 
-1.51000000e-03  2.06907994e+00 
-1.50000000e-03  2.07129450e+00 
-1.49000000e-03  2.07350609e+00 
-1.48000000e-03  2.07571471e+00 
-1.47000000e-03  2.07792036e+00 
-1.46000000e-03  2.08012304e+00 
-1.45000000e-03  2.08232277e+00 
-1.44000000e-03  2.08451954e+00 
-1.43000000e-03  2.08671336e+00 
-1.42000000e-03  2.08890423e+00 
-1.41000000e-03  2.09109217e+00 
-1.40000000e-03  2.09327717e+00 
-1.39000000e-03  2.09545924e+00 
-1.38000000e-03  2.09763838e+00 
-1.37000000e-03  2.09981460e+00 
-1.36000000e-03  2.10198791e+00 
-1.35000000e-03  2.10415830e+00 
-1.34000000e-03  2.10632579e+00 
-1.33000000e-03  2.10849037e+00 
-1.32000000e-03  2.11065206e+00 
-1.31000000e-03  2.11281085e+00 
-1.30000000e-03  2.11496675e+00 
-1.29000000e-03  2.11711978e+00 
-1.28000000e-03  2.11926992e+00 
-1.27000000e-03  2.12141719e+00 
-1.26000000e-03  2.12356158e+00 
-1.25000000e-03  2.12570312e+00 
-1.24000000e-03  2.12784179e+00 
-1.23000000e-03  2.12997761e+00 
-1.22000000e-03  2.13211058e+00 
-1.21000000e-03  2.13424070e+00 
-1.20000000e-03  2.13636797e+00 
-1.19000000e-03  2.13849242e+00 
-1.18000000e-03  2.14061402e+00 
-1.17000000e-03  2.14273280e+00 
-1.16000000e-03  2.14484876e+00 
-1.15000000e-03  2.14696190e+00 
-1.14000000e-03  2.14907223e+00 
-1.13000000e-03  2.15117974e+00 
-1.12000000e-03  2.15328445e+00 
-1.11000000e-03  2.15538636e+00 
-1.10000000e-03  2.15748548e+00 
-1.09000000e-03  2.15958180e+00 
-1.08000000e-03  2.16167533e+00 
-1.07000000e-03  2.16376609e+00 
-1.06000000e-03  2.16585406e+00 
-1.05000000e-03  2.16793927e+00 
-1.04000000e-03  2.17002170e+00 
-1.03000000e-03  2.17210137e+00 
-1.02000000e-03  2.17417828e+00 
-1.01000000e-03  2.17625244e+00 
-1.00000000e-03  2.17832384e+00 
-9.90000000e-04  2.18039250e+00 
-9.80000000e-04  2.18245842e+00 
-9.70000000e-04  2.18452160e+00 
-9.60000000e-04  2.18658204e+00 
-9.50000000e-04  2.18863976e+00 
-9.40000000e-04  2.19069475e+00 
-9.30000000e-04  2.19274703e+00 
-9.20000000e-04  2.19479659e+00 
-9.10000000e-04  2.19684344e+00 
-9.00000000e-04  2.19888758e+00 
-8.90000000e-04  2.20092902e+00 
-8.80000000e-04  2.20296776e+00 
-8.70000000e-04  2.20500381e+00 
-8.60000000e-04  2.20703717e+00 
-8.50000000e-04  2.20906785e+00 
-8.40000000e-04  2.21109584e+00 
-8.30000000e-04  2.21312116e+00 
-8.20000000e-04  2.21514381e+00 
-8.10000000e-04  2.21716379e+00 
-8.00000000e-04  2.21918111e+00 
-7.90000000e-04  2.22119577e+00 
-7.80000000e-04  2.22320777e+00 
-7.70000000e-04  2.22521713e+00 
-7.60000000e-04  2.22722383e+00 
-7.50000000e-04  2.22922790e+00 
-7.40000000e-04  2.23122933e+00 
-7.30000000e-04  2.23322813e+00 
-7.20000000e-04  2.23522429e+00 
-7.10000000e-04  2.23721784e+00 
-7.00000000e-04  2.23920876e+00 
-6.90000000e-04  2.24119707e+00 
-6.80000000e-04  2.24318276e+00 
-6.70000000e-04  2.24516585e+00 
-6.60000000e-04  2.24714633e+00 
-6.50000000e-04  2.24912421e+00 
-6.40000000e-04  2.25109950e+00 
-6.30000000e-04  2.25307219e+00 
-6.20000000e-04  2.25504230e+00 
-6.10000000e-04  2.25700983e+00 
-6.00000000e-04  2.25897477e+00 
-5.90000000e-04  2.26093715e+00 
-5.80000000e-04  2.26289695e+00 
-5.70000000e-04  2.26485418e+00 
-5.60000000e-04  2.26680885e+00 
-5.50000000e-04  2.26876096e+00 
-5.40000000e-04  2.27071052e+00 
-5.30000000e-04  2.27265753e+00 
-5.20000000e-04  2.27460199e+00 
-5.10000000e-04  2.27654391e+00 
-5.00000000e-04  2.27848329e+00 
-4.90000000e-04  2.28042013e+00 
-4.80000000e-04  2.28235445e+00 
-4.70000000e-04  2.28428624e+00 
-4.60000000e-04  2.28621550e+00 
-4.50000000e-04  2.28814225e+00 
-4.40000000e-04  2.29006648e+00 
-4.30000000e-04  2.29198820e+00 
-4.20000000e-04  2.29390742e+00 
-4.10000000e-04  2.29582413e+00 
-4.00000000e-04  2.29773834e+00 
-3.90000000e-04  2.29965006e+00 
-3.80000000e-04  2.30155929e+00 
-3.70000000e-04  2.30346602e+00 
-3.60000000e-04  2.30537028e+00 
-3.50000000e-04  2.30727205e+00 
-3.40000000e-04  2.30917135e+00 
-3.30000000e-04  2.31106818e+00 
-3.20000000e-04  2.31296254e+00 
-3.10000000e-04  2.31485443e+00 
-3.00000000e-04  2.31674387e+00 
-2.90000000e-04  2.31863084e+00 
-2.80000000e-04  2.32051537e+00 
-2.70000000e-04  2.32239744e+00 
-2.60000000e-04  2.32427707e+00 
-2.50000000e-04  2.32615426e+00 
-2.40000000e-04  2.32802901e+00 
-2.30000000e-04  2.32990132e+00 
-2.20000000e-04  2.33177120e+00 
-2.10000000e-04  2.33363866e+00 
-2.00000000e-04  2.33550369e+00 
-1.90000000e-04  2.33736631e+00 
-1.80000000e-04  2.33922651e+00 
-1.70000000e-04  2.34108429e+00 
-1.60000000e-04  2.34293967e+00 
-1.50000000e-04  2.34479264e+00 
-1.40000000e-04  2.34664321e+00 
-1.30000000e-04  2.34849138e+00 
-1.20000000e-04  2.35033716e+00 
-1.10000000e-04  2.35218055e+00 
-1.00000000e-04  2.35402155e+00 
-9.00000000e-05  2.35586016e+00 
-8.00000000e-05  2.35769640e+00 
-7.00000000e-05  2.35953026e+00 
-6.00000000e-05  2.36136175e+00 
-5.00000000e-05  2.36319086e+00 
-4.00000000e-05  2.36501762e+00 
-3.00000000e-05  2.36684201e+00 
-2.00000000e-05  2.36866404e+00 
-1.00000000e-05  2.37048371e+00 
-2.38768423e-16  2.37230104e+00 
 1.00000000e-05  2.37411601e+00 
 2.00000000e-05  2.37592864e+00 
 3.00000000e-05  2.37773893e+00 
 4.00000000e-05  2.37954688e+00 
 5.00000000e-05  2.38135250e+00 
 6.00000000e-05  2.38315578e+00 
 7.00000000e-05  2.38495674e+00 
 8.00000000e-05  2.38675537e+00 
 9.00000000e-05  2.38855168e+00 
 1.00000000e-04  2.39034568e+00 
 1.10000000e-04  2.39213736e+00 
 1.20000000e-04  2.39392672e+00 
 1.30000000e-04  2.39571378e+00 
 1.40000000e-04  2.39749854e+00 
 1.50000000e-04  2.39928100e+00 
 1.60000000e-04  2.40106115e+00 
 1.70000000e-04  2.40283902e+00 
 1.80000000e-04  2.40461459e+00 
 1.90000000e-04  2.40638787e+00 
 2.00000000e-04  2.40815887e+00 
 2.10000000e-04  2.40992759e+00 
 2.20000000e-04  2.41169403e+00 
 2.30000000e-04  2.41345819e+00 
 2.40000000e-04  2.41522008e+00 
 2.50000000e-04  2.41697971e+00 
 2.60000000e-04  2.41873707e+00 
 2.70000000e-04  2.42049216e+00 
 2.80000000e-04  2.42224500e+00 
 2.90000000e-04  2.42399558e+00 
 3.00000000e-04  2.42574391e+00 
 3.10000000e-04  2.42748999e+00 
 3.20000000e-04  2.42923383e+00 
 3.30000000e-04  2.43097542e+00 
 3.40000000e-04  2.43271477e+00 
 3.50000000e-04  2.43445188e+00 
 3.60000000e-04  2.43618676e+00 
 3.70000000e-04  2.43791941e+00 
 3.80000000e-04  2.43964983e+00 
 3.90000000e-04  2.44137802e+00 
 4.00000000e-04  2.44310400e+00 
 4.10000000e-04  2.44482775e+00 
 4.20000000e-04  2.44654929e+00 
 4.30000000e-04  2.44826862e+00 
 4.40000000e-04  2.44998574e+00 
 4.50000000e-04  2.45170065e+00 
 4.60000000e-04  2.45341335e+00 
 4.70000000e-04  2.45512386e+00 
 4.80000000e-04  2.45683217e+00 
 4.90000000e-04  2.45853829e+00 
 5.00000000e-04  2.46024221e+00 
 5.10000000e-04  2.46194394e+00 
 5.20000000e-04  2.46364349e+00 
 5.30000000e-04  2.46534086e+00 
 5.40000000e-04  2.46703604e+00 
 5.50000000e-04  2.46872905e+00 
 5.60000000e-04  2.47041988e+00 
 5.70000000e-04  2.47210855e+00 
 5.80000000e-04  2.47379504e+00 
 5.90000000e-04  2.47547937e+00 
 6.00000000e-04  2.47716153e+00 
 6.10000000e-04  2.47884154e+00 
 6.20000000e-04  2.48051939e+00 
 6.30000000e-04  2.48219508e+00 
 6.40000000e-04  2.48386862e+00 
 6.50000000e-04  2.48554002e+00 
 6.60000000e-04  2.48720926e+00 
 6.70000000e-04  2.48887637e+00 
 6.80000000e-04  2.49054133e+00 
 6.90000000e-04  2.49220416e+00 
 7.00000000e-04  2.49386485e+00 
 7.10000000e-04  2.49552341e+00 
 7.20000000e-04  2.49717984e+00 
 7.30000000e-04  2.49883415e+00 
 7.40000000e-04  2.50048632e+00 
 7.50000000e-04  2.50213638e+00 
 7.60000000e-04  2.50378432e+00 
 7.70000000e-04  2.50543015e+00 
 7.80000000e-04  2.50707386e+00 
 7.90000000e-04  2.50871546e+00 
 8.00000000e-04  2.51035495e+00 
 8.10000000e-04  2.51199233e+00 
 8.20000000e-04  2.51362762e+00 
 8.30000000e-04  2.51526080e+00 
 8.40000000e-04  2.51689189e+00 
 8.50000000e-04  2.51852088e+00 
 8.60000000e-04  2.52014778e+00 
 8.70000000e-04  2.52177259e+00 
 8.80000000e-04  2.52339531e+00 
 8.90000000e-04  2.52501594e+00 
 9.00000000e-04  2.52663450e+00 
 9.10000000e-04  2.52825098e+00 
 9.20000000e-04  2.52986537e+00 
 9.30000000e-04  2.53147770e+00 
 9.40000000e-04  2.53308795e+00 
 9.50000000e-04  2.53469613e+00 
 9.60000000e-04  2.53630225e+00 
 9.70000000e-04  2.53790630e+00 
 9.80000000e-04  2.53950829e+00 
 9.90000000e-04  2.54110822e+00 
 1.00000000e-03  2.54270609e+00 
 1.01000000e-03  2.54430191e+00 
 1.02000000e-03  2.54589568e+00 
 1.03000000e-03  2.54748739e+00 
 1.04000000e-03  2.54907706e+00 
 1.05000000e-03  2.55066468e+00 
 1.06000000e-03  2.55225027e+00 
 1.07000000e-03  2.55383381e+00 
 1.08000000e-03  2.55541531e+00 
 1.09000000e-03  2.55699478e+00 
 1.10000000e-03  2.55857221e+00 
 1.11000000e-03  2.56014761e+00 
 1.12000000e-03  2.56172099e+00 
 1.13000000e-03  2.56329234e+00 
 1.14000000e-03  2.56486166e+00 
 1.15000000e-03  2.56642897e+00 
 1.16000000e-03  2.56799425e+00 
 1.17000000e-03  2.56955752e+00 
 1.18000000e-03  2.57111877e+00 
 1.19000000e-03  2.57267802e+00 
 1.20000000e-03  2.57423525e+00 
 1.21000000e-03  2.57579047e+00 
 1.22000000e-03  2.57734369e+00 
 1.23000000e-03  2.57889490e+00 
 1.24000000e-03  2.58044412e+00 
 1.25000000e-03  2.58199133e+00 
 1.26000000e-03  2.58353655e+00 
 1.27000000e-03  2.58507977e+00 
 1.28000000e-03  2.58662100e+00 
 1.29000000e-03  2.58816024e+00 
 1.30000000e-03  2.58969750e+00 
 1.31000000e-03  2.59123276e+00 
 1.32000000e-03  2.59276605e+00 
 1.33000000e-03  2.59429735e+00 
 1.34000000e-03  2.59582667e+00 
 1.35000000e-03  2.59735402e+00 
 1.36000000e-03  2.59887939e+00 
 1.37000000e-03  2.60040278e+00 
 1.38000000e-03  2.60192421e+00 
 1.39000000e-03  2.60344367e+00 
 1.40000000e-03  2.60496116e+00 
 1.41000000e-03  2.60647668e+00 
 1.42000000e-03  2.60799025e+00 
 1.43000000e-03  2.60950185e+00 
 1.44000000e-03  2.61101149e+00 
 1.45000000e-03  2.61251918e+00 
 1.46000000e-03  2.61402492e+00 
 1.47000000e-03  2.61552870e+00 
 1.48000000e-03  2.61703053e+00 
 1.49000000e-03  2.61853041e+00 
 1.50000000e-03  2.62002834e+00 
 1.51000000e-03  2.62152433e+00 
 1.52000000e-03  2.62301838e+00 
 1.53000000e-03  2.62451049e+00 
 1.54000000e-03  2.62600066e+00 
 1.55000000e-03  2.62748889e+00 
 1.56000000e-03  2.62897519e+00 
 1.57000000e-03  2.63045955e+00 
 1.58000000e-03  2.63194199e+00 
 1.59000000e-03  2.63342249e+00 
 1.60000000e-03  2.63490107e+00 
 1.61000000e-03  2.63637772e+00 
 1.62000000e-03  2.63785245e+00 
 1.63000000e-03  2.63932526e+00 
 1.64000000e-03  2.64079615e+00 
 1.65000000e-03  2.64226512e+00 
 1.66000000e-03  2.64373217e+00 
 1.67000000e-03  2.64519731e+00 
 1.68000000e-03  2.64666054e+00 
 1.69000000e-03  2.64812186e+00 
 1.70000000e-03  2.64958126e+00 
 1.71000000e-03  2.65103877e+00 
 1.72000000e-03  2.65249436e+00 
 1.73000000e-03  2.65394805e+00 
 1.74000000e-03  2.65539985e+00 
 1.75000000e-03  2.65684974e+00 
 1.76000000e-03  2.65829773e+00 
 1.77000000e-03  2.65974383e+00 
 1.78000000e-03  2.66118803e+00 
 1.79000000e-03  2.66263034e+00 
 1.80000000e-03  2.66407076e+00 
 1.81000000e-03  2.66550929e+00 
 1.82000000e-03  2.66694593e+00 
 1.83000000e-03  2.66838068e+00 
 1.84000000e-03  2.66981355e+00 
 1.85000000e-03  2.67124454e+00 
 1.86000000e-03  2.67267365e+00 
 1.87000000e-03  2.67410088e+00 
 1.88000000e-03  2.67552623e+00 
 1.89000000e-03  2.67694970e+00 
 1.90000000e-03  2.67837130e+00 
 1.91000000e-03  2.67979102e+00 
 1.92000000e-03  2.68120888e+00 
 1.93000000e-03  2.68262486e+00 
 1.94000000e-03  2.68403898e+00 
 1.95000000e-03  2.68545123e+00 
 1.96000000e-03  2.68686161e+00 
 1.97000000e-03  2.68827014e+00 
 1.98000000e-03  2.68967679e+00 
 1.99000000e-03  2.69108159e+00 
 2.00000000e-03  2.69248453e+00 
 2.01000000e-03  2.69388562e+00 
 2.02000000e-03  2.69528484e+00 
 2.03000000e-03  2.69668222e+00 
 2.04000000e-03  2.69807774e+00 
 2.05000000e-03  2.69947140e+00 
 2.06000000e-03  2.70086322e+00 
 2.07000000e-03  2.70225319e+00 
 2.08000000e-03  2.70364132e+00 
 2.09000000e-03  2.70502759e+00 
 2.10000000e-03  2.70641203e+00 
 2.11000000e-03  2.70779462e+00 
 2.12000000e-03  2.70917537e+00 
 2.13000000e-03  2.71055428e+00 
 2.14000000e-03  2.71193135e+00 
 2.15000000e-03  2.71330658e+00 
 2.16000000e-03  2.71467998e+00 
 2.17000000e-03  2.71605154e+00 
 2.18000000e-03  2.71742128e+00 
 2.19000000e-03  2.71878918e+00 
 2.20000000e-03  2.72015524e+00 
 2.21000000e-03  2.72151948e+00 
 2.22000000e-03  2.72288190e+00 
 2.23000000e-03  2.72424248e+00 
 2.24000000e-03  2.72560124e+00 
 2.25000000e-03  2.72695818e+00 
 2.26000000e-03  2.72831330e+00 
 2.27000000e-03  2.72966659e+00 
 2.28000000e-03  2.73101807e+00 
 2.29000000e-03  2.73236772e+00 
 2.30000000e-03  2.73371556e+00 
 2.31000000e-03  2.73506158e+00 
 2.32000000e-03  2.73640579e+00 
 2.33000000e-03  2.73774818e+00 
 2.34000000e-03  2.73908876e+00 
 2.35000000e-03  2.74042753e+00 
 2.36000000e-03  2.74176449e+00 
 2.37000000e-03  2.74309964e+00 
 2.38000000e-03  2.74443298e+00 
 2.39000000e-03  2.74576451e+00 
 2.40000000e-03  2.74709424e+00 
 2.41000000e-03  2.74842217e+00 
 2.42000000e-03  2.74974829e+00 
 2.43000000e-03  2.75107261e+00 
 2.44000000e-03  2.75239513e+00 
 2.45000000e-03  2.75371585e+00 
 2.46000000e-03  2.75503477e+00 
 2.47000000e-03  2.75635189e+00 
 2.48000000e-03  2.75766721e+00 
 2.49000000e-03  2.75898074e+00 
 2.50000000e-03  2.76029248e+00 
 2.51000000e-03  2.76160242e+00 
 2.52000000e-03  2.76291057e+00 
 2.53000000e-03  2.76421692e+00 
 2.54000000e-03  2.76552149e+00 
 2.55000000e-03  2.76682426e+00 
 2.56000000e-03  2.76812525e+00 
 2.57000000e-03  2.76942445e+00 
 2.58000000e-03  2.77072186e+00 
 2.59000000e-03  2.77201749e+00 
 2.60000000e-03  2.77331133e+00 
 2.61000000e-03  2.77460339e+00 
 2.62000000e-03  2.77589366e+00 
 2.63000000e-03  2.77718215e+00 
 2.64000000e-03  2.77846886e+00 
 2.65000000e-03  2.77975379e+00 
 2.66000000e-03  2.78103694e+00 
 2.67000000e-03  2.78231831e+00 
 2.68000000e-03  2.78359791e+00 
 2.69000000e-03  2.78487572e+00 
 2.70000000e-03  2.78615176e+00 
 2.71000000e-03  2.78742603e+00 
 2.72000000e-03  2.78869852e+00 
 2.73000000e-03  2.78996923e+00 
 2.74000000e-03  2.79123817e+00 
 2.75000000e-03  2.79250534e+00 
 2.76000000e-03  2.79377074e+00 
 2.77000000e-03  2.79503437e+00 
 2.78000000e-03  2.79629622e+00 
 2.79000000e-03  2.79755631e+00 
 2.80000000e-03  2.79881463e+00 
 2.81000000e-03  2.80007118e+00 
 2.82000000e-03  2.80132596e+00 
 2.83000000e-03  2.80257897e+00 
 2.84000000e-03  2.80383022e+00 
 2.85000000e-03  2.80507970e+00 
 2.86000000e-03  2.80632742e+00 
 2.87000000e-03  2.80757337e+00 
 2.88000000e-03  2.80881756e+00 
 2.89000000e-03  2.81005999e+00 
 2.90000000e-03  2.81130065e+00 
 2.91000000e-03  2.81253955e+00 
 2.92000000e-03  2.81377669e+00 
 2.93000000e-03  2.81501206e+00 
 2.94000000e-03  2.81624568e+00 
 2.95000000e-03  2.81747754e+00 
 2.96000000e-03  2.81870763e+00 
 2.97000000e-03  2.81993597e+00 
 2.98000000e-03  2.82116254e+00 
 2.99000000e-03  2.82238736e+00 
 3.00000000e-03  2.82361042e+00 
 3.01000000e-03  2.82483173e+00 
 3.02000000e-03  2.82605127e+00 
 3.03000000e-03  2.82726906e+00 
 3.04000000e-03  2.82848509e+00 
 3.05000000e-03  2.82969937e+00 
 3.06000000e-03  2.83091188e+00 
 3.07000000e-03  2.83212265e+00 
 3.08000000e-03  2.83333166e+00 
 3.09000000e-03  2.83453891e+00 
 3.10000000e-03  2.83574440e+00 
 3.11000000e-03  2.83694815e+00 
 3.12000000e-03  2.83815013e+00 
 3.13000000e-03  2.83935037e+00 
 3.14000000e-03  2.84054885e+00 
 3.15000000e-03  2.84174557e+00 
 3.16000000e-03  2.84294054e+00 
 3.17000000e-03  2.84413376e+00 
 3.18000000e-03  2.84532522e+00 
 3.19000000e-03  2.84651493e+00 
 3.20000000e-03  2.84770289e+00 
 3.21000000e-03  2.84888909e+00 
 3.22000000e-03  2.85007354e+00 
 3.23000000e-03  2.85125623e+00 
 3.24000000e-03  2.85243718e+00 
 3.25000000e-03  2.85361636e+00 
 3.26000000e-03  2.85479380e+00 
 3.27000000e-03  2.85596948e+00 
 3.28000000e-03  2.85714341e+00 
 3.29000000e-03  2.85831558e+00 
 3.30000000e-03  2.85948600e+00 
 3.31000000e-03  2.86065466e+00 
 3.32000000e-03  2.86182157e+00 
 3.33000000e-03  2.86298673e+00 
 3.34000000e-03  2.86415013e+00 
 3.35000000e-03  2.86531178e+00 
 3.36000000e-03  2.86647167e+00 
 3.37000000e-03  2.86762980e+00 
 3.38000000e-03  2.86878618e+00 
 3.39000000e-03  2.86994080e+00 
 3.40000000e-03  2.87109367e+00 
 3.41000000e-03  2.87224478e+00 
 3.42000000e-03  2.87339413e+00 
 3.43000000e-03  2.87454172e+00 
 3.44000000e-03  2.87568756e+00 
 3.45000000e-03  2.87683163e+00 
 3.46000000e-03  2.87797395e+00 
 3.47000000e-03  2.87911450e+00 
 3.48000000e-03  2.88025330e+00 
 3.49000000e-03  2.88139034e+00 
 3.50000000e-03  2.88252561e+00 
 3.51000000e-03  2.88365912e+00 
 3.52000000e-03  2.88479087e+00 
 3.53000000e-03  2.88592085e+00 
 3.54000000e-03  2.88704907e+00 
 3.55000000e-03  2.88817553e+00 
 3.56000000e-03  2.88930021e+00 
 3.57000000e-03  2.89042314e+00 
 3.58000000e-03  2.89154429e+00 
 3.59000000e-03  2.89266367e+00 
 3.60000000e-03  2.89378129e+00 
 3.61000000e-03  2.89489713e+00 
 3.62000000e-03  2.89601121e+00 
 3.63000000e-03  2.89712351e+00 
 3.64000000e-03  2.89823404e+00 
 3.65000000e-03  2.89934279e+00 
 3.66000000e-03  2.90044977e+00 
 3.67000000e-03  2.90155497e+00 
 3.68000000e-03  2.90265839e+00 
 3.69000000e-03  2.90376003e+00 
 3.70000000e-03  2.90485989e+00 
 3.71000000e-03  2.90595797e+00 
 3.72000000e-03  2.90705427e+00 
 3.73000000e-03  2.90814878e+00 
 3.74000000e-03  2.90924151e+00 
 3.75000000e-03  2.91033245e+00 
 3.76000000e-03  2.91142160e+00 
 3.77000000e-03  2.91250896e+00 
 3.78000000e-03  2.91359452e+00 
 3.79000000e-03  2.91467830e+00 
 3.80000000e-03  2.91576027e+00 
 3.81000000e-03  2.91684046e+00 
 3.82000000e-03  2.91791884e+00 
 3.83000000e-03  2.91899542e+00 
 3.84000000e-03  2.92007020e+00 
 3.85000000e-03  2.92114317e+00 
 3.86000000e-03  2.92221434e+00 
 3.87000000e-03  2.92328370e+00 
 3.88000000e-03  2.92435125e+00 
 3.89000000e-03  2.92541699e+00 
 3.90000000e-03  2.92648091e+00 
 3.91000000e-03  2.92754302e+00 
 3.92000000e-03  2.92860330e+00 
 3.93000000e-03  2.92966177e+00 
 3.94000000e-03  2.93071841e+00 
 3.95000000e-03  2.93177323e+00 
 3.96000000e-03  2.93282621e+00 
 3.97000000e-03  2.93387737e+00 
 3.98000000e-03  2.93492669e+00 
 3.99000000e-03  2.93597418e+00 
 4.00000000e-03  2.93701983e+00 
 4.01000000e-03  2.93806364e+00 
 4.02000000e-03  2.93910560e+00 
 4.03000000e-03  2.94014571e+00 
 4.04000000e-03  2.94118398e+00 
 4.05000000e-03  2.94222039e+00 
 4.06000000e-03  2.94325495e+00 
 4.07000000e-03  2.94428764e+00 
 4.08000000e-03  2.94531848e+00 
 4.09000000e-03  2.94634745e+00 
 4.10000000e-03  2.94737454e+00 
 4.11000000e-03  2.94839977e+00 
 4.12000000e-03  2.94942312e+00 
 4.13000000e-03  2.95044459e+00 
 4.14000000e-03  2.95146418e+00 
 4.15000000e-03  2.95248188e+00 
 4.16000000e-03  2.95349769e+00 
 4.17000000e-03  2.95451161e+00 
 4.18000000e-03  2.95552363e+00 
 4.19000000e-03  2.95653374e+00 
 4.20000000e-03  2.95754195e+00 
 4.21000000e-03  2.95854825e+00 
 4.22000000e-03  2.95955263e+00 
 4.23000000e-03  2.96055510e+00 
 4.24000000e-03  2.96155564e+00 
 4.25000000e-03  2.96255425e+00 
 4.26000000e-03  2.96355093e+00 
 4.27000000e-03  2.96454567e+00 
 4.28000000e-03  2.96553847e+00 
 4.29000000e-03  2.96652932e+00 
 4.30000000e-03  2.96751822e+00 
 4.31000000e-03  2.96850517e+00 
 4.32000000e-03  2.96949015e+00 
 4.33000000e-03  2.97047316e+00 
 4.34000000e-03  2.97145420e+00 
 4.35000000e-03  2.97243326e+00 
 4.36000000e-03  2.97341034e+00 
 4.37000000e-03  2.97438542e+00 
 4.38000000e-03  2.97535851e+00 
 4.39000000e-03  2.97632960e+00 
 4.40000000e-03  2.97729868e+00 
 4.41000000e-03  2.97826575e+00 
 4.42000000e-03  2.97923080e+00 
 4.43000000e-03  2.98019382e+00 
 4.44000000e-03  2.98115481e+00 
 4.45000000e-03  2.98211375e+00 
 4.46000000e-03  2.98307065e+00 
 4.47000000e-03  2.98402550e+00 
 4.48000000e-03  2.98497829e+00 
 4.49000000e-03  2.98592901e+00 
 4.50000000e-03  2.98687765e+00 
 4.51000000e-03  2.98782422e+00 
 4.52000000e-03  2.98876869e+00 
 4.53000000e-03  2.98971106e+00 
 4.54000000e-03  2.99065133e+00 
 4.55000000e-03  2.99158949e+00 
 4.56000000e-03  2.99252552e+00 
 4.57000000e-03  2.99345943e+00 
 4.58000000e-03  2.99439120e+00 
 4.59000000e-03  2.99532082e+00 
 4.60000000e-03  2.99624828e+00 
 4.61000000e-03  2.99717358e+00 
 4.62000000e-03  2.99809671e+00 
 4.63000000e-03  2.99901766e+00 
 4.64000000e-03  2.99993641e+00 
 4.65000000e-03  3.00085296e+00 
 4.66000000e-03  3.00176731e+00 
 4.67000000e-03  3.00267943e+00 
 4.68000000e-03  3.00358932e+00 
 4.69000000e-03  3.00449697e+00 
 4.70000000e-03  3.00540237e+00 
 4.71000000e-03  3.00630551e+00 
 4.72000000e-03  3.00720637e+00 
 4.73000000e-03  3.00810495e+00 
 4.74000000e-03  3.00900124e+00 
 4.75000000e-03  3.00989523e+00 
 4.76000000e-03  3.01078689e+00 
 4.77000000e-03  3.01167623e+00 
 4.78000000e-03  3.01256323e+00 
 4.79000000e-03  3.01344788e+00 
 4.80000000e-03  3.01433017e+00 
 4.81000000e-03  3.01521007e+00 
 4.82000000e-03  3.01608759e+00 
 4.83000000e-03  3.01696271e+00 
 4.84000000e-03  3.01783541e+00 
 4.85000000e-03  3.01870569e+00 
 4.86000000e-03  3.01957353e+00 
 4.87000000e-03  3.02043891e+00 
 4.88000000e-03  3.02130183e+00 
 4.89000000e-03  3.02216226e+00 
 4.90000000e-03  3.02302020e+00 
 4.91000000e-03  3.02387563e+00 
 4.92000000e-03  3.02472854e+00 
 4.93000000e-03  3.02557891e+00 
 4.94000000e-03  3.02642672e+00 
 4.95000000e-03  3.02727197e+00 
 4.96000000e-03  3.02811463e+00 
 4.97000000e-03  3.02895470e+00 
 4.98000000e-03  3.02979215e+00 
 4.99000000e-03  3.03062697e+00 
 5.00000000e-03  3.03145914e+00 
 5.01000000e-03  3.03228866e+00 
 5.02000000e-03  3.03311549e+00 
 5.03000000e-03  3.03393963e+00 
 5.04000000e-03  3.03476106e+00 
 5.05000000e-03  3.03557976e+00 
 5.06000000e-03  3.03639572e+00 
 5.07000000e-03  3.03720891e+00 
 5.08000000e-03  3.03801933e+00 
 5.09000000e-03  3.03882694e+00 
 5.10000000e-03  3.03963175e+00 
 5.11000000e-03  3.04043371e+00 
 5.12000000e-03  3.04123283e+00 
 5.13000000e-03  3.04202908e+00 
 5.14000000e-03  3.04282244e+00 
 5.15000000e-03  3.04361290e+00 
 5.16000000e-03  3.04440043e+00 
 5.17000000e-03  3.04518502e+00 
 5.18000000e-03  3.04596665e+00 
 5.19000000e-03  3.04674529e+00 
 5.20000000e-03  3.04752094e+00 
 5.21000000e-03  3.04829357e+00 
 5.22000000e-03  3.04906316e+00 
 5.23000000e-03  3.04982969e+00 
 5.24000000e-03  3.05059314e+00 
 5.25000000e-03  3.05135350e+00 
 5.26000000e-03  3.05211074e+00 
 5.27000000e-03  3.05286485e+00 
 5.28000000e-03  3.05361580e+00 
 5.29000000e-03  3.05436358e+00 
 5.30000000e-03  3.05510817e+00 
 5.31000000e-03  3.05584953e+00 
 5.32000000e-03  3.05658767e+00 
 5.33000000e-03  3.05732255e+00 
 5.34000000e-03  3.05805416e+00 
 5.35000000e-03  3.05878248e+00 
 5.36000000e-03  3.05950748e+00 
 5.37000000e-03  3.06022916e+00 
 5.38000000e-03  3.06094748e+00 
 5.39000000e-03  3.06166243e+00 
 5.40000000e-03  3.06237400e+00 
 5.41000000e-03  3.06308215e+00 
 5.42000000e-03  3.06378688e+00 
 5.43000000e-03  3.06448816e+00 
 5.44000000e-03  3.06518598e+00 
 5.45000000e-03  3.06588031e+00 
 5.46000000e-03  3.06657115e+00 
 5.47000000e-03  3.06725846e+00 
 5.48000000e-03  3.06794224e+00 
 5.49000000e-03  3.06862247e+00 
 5.50000000e-03  3.06929912e+00 
 5.51000000e-03  3.06997219e+00 
 5.52000000e-03  3.07064165e+00 
 5.53000000e-03  3.07130749e+00 
 5.54000000e-03  3.07196969e+00 
 5.55000000e-03  3.07262825e+00 
 5.56000000e-03  3.07328313e+00 
 5.57000000e-03  3.07393433e+00 
 5.58000000e-03  3.07458184e+00 
 5.59000000e-03  3.07522563e+00 
 5.60000000e-03  3.07586571e+00 
 5.61000000e-03  3.07650204e+00 
 5.62000000e-03  3.07713462e+00 
 5.63000000e-03  3.07776345e+00 
 5.64000000e-03  3.07838850e+00 
 5.65000000e-03  3.07900976e+00 
 5.66000000e-03  3.07962723e+00 
 5.67000000e-03  3.08024090e+00 
 5.68000000e-03  3.08085075e+00 
 5.69000000e-03  3.08145678e+00 
 5.70000000e-03  3.08205897e+00 
 5.71000000e-03  3.08265733e+00 
 5.72000000e-03  3.08325184e+00 
 5.73000000e-03  3.08384250e+00 
 5.74000000e-03  3.08442930e+00 
 5.75000000e-03  3.08501224e+00 
 5.76000000e-03  3.08559131e+00 
 5.77000000e-03  3.08616651e+00 
 5.78000000e-03  3.08673784e+00 
 5.79000000e-03  3.08730529e+00 
 5.80000000e-03  3.08786886e+00 
 5.81000000e-03  3.08842855e+00 
 5.82000000e-03  3.08898436e+00 
 5.83000000e-03  3.08953629e+00 
 5.84000000e-03  3.09008434e+00 
 5.85000000e-03  3.09062852e+00 
 5.86000000e-03  3.09116882e+00 
 5.87000000e-03  3.09170525e+00 
 5.88000000e-03  3.09223782e+00 
 5.89000000e-03  3.09276652e+00 
 5.90000000e-03  3.09329136e+00 
 5.91000000e-03  3.09381236e+00 
 5.92000000e-03  3.09432951e+00 
 5.93000000e-03  3.09484283e+00 
 5.94000000e-03  3.09535231e+00 
 5.95000000e-03  3.09585798e+00 
 5.96000000e-03  3.09635984e+00 
 5.97000000e-03  3.09685789e+00 
 5.98000000e-03  3.09735216e+00 
 5.99000000e-03  3.09784265e+00 
 6.00000000e-03  3.09832938e+00 
 6.01000000e-03  3.09881236e+00 
 6.02000000e-03  3.09929159e+00 
 6.03000000e-03  3.09976710e+00 
 6.04000000e-03  3.10023891e+00 
 6.05000000e-03  3.10070701e+00 
 6.06000000e-03  3.10117144e+00 
 6.07000000e-03  3.10163221e+00 
 6.08000000e-03  3.10208933e+00 
 6.09000000e-03  3.10254282e+00 
 6.10000000e-03  3.10299271e+00 
 6.11000000e-03  3.10343900e+00 
 6.12000000e-03  3.10388172e+00 
 6.13000000e-03  3.10432089e+00 
 6.14000000e-03  3.10475653e+00 
 6.15000000e-03  3.10518865e+00 
 6.16000000e-03  3.10561728e+00 
 6.17000000e-03  3.10604245e+00 
 6.18000000e-03  3.10646416e+00 
 6.19000000e-03  3.10688245e+00 
 6.20000000e-03  3.10729734e+00 
 6.21000000e-03  3.10770884e+00 
 6.22000000e-03  3.10811699e+00 
 6.23000000e-03  3.10852180e+00 
 6.24000000e-03  3.10892331e+00 
 6.25000000e-03  3.10932152e+00 
 6.26000000e-03  3.10971647e+00 
 6.27000000e-03  3.11010819e+00 
 6.28000000e-03  3.11049669e+00 
 6.29000000e-03  3.11088200e+00 
 6.30000000e-03  3.11126416e+00 
 6.31000000e-03  3.11164317e+00 
 6.32000000e-03  3.11201907e+00 
 6.33000000e-03  3.11239188e+00 
 6.34000000e-03  3.11276164e+00 
 6.35000000e-03  3.11312836e+00 
 6.36000000e-03  3.11349206e+00 
 6.37000000e-03  3.11385279e+00 
 6.38000000e-03  3.11421056e+00 
 6.39000000e-03  3.11456540e+00 
 6.40000000e-03  3.11491733e+00 
 6.41000000e-03  3.11526639e+00 
 6.42000000e-03  3.11561260e+00 
 6.43000000e-03  3.11595598e+00 
 6.44000000e-03  3.11629656e+00 
 6.45000000e-03  3.11663437e+00 
 6.46000000e-03  3.11696943e+00 
 6.47000000e-03  3.11730177e+00 
 6.48000000e-03  3.11763142e+00 
 6.49000000e-03  3.11795840e+00 
 6.50000000e-03  3.11828274e+00 
 6.51000000e-03  3.11860447e+00 
 6.52000000e-03  3.11892361e+00 
 6.53000000e-03  3.11924018e+00 
 6.54000000e-03  3.11955421e+00 
 6.55000000e-03  3.11986574e+00 
 6.56000000e-03  3.12017477e+00 
 6.57000000e-03  3.12048135e+00 
 6.58000000e-03  3.12078549e+00 
 6.59000000e-03  3.12108722e+00 
 6.60000000e-03  3.12138657e+00 
 6.61000000e-03  3.12168355e+00 
 6.62000000e-03  3.12197820e+00 
 6.63000000e-03  3.12227054e+00 
 6.64000000e-03  3.12256059e+00 
 6.65000000e-03  3.12284838e+00 
 6.66000000e-03  3.12313393e+00 
 6.67000000e-03  3.12341727e+00 
 6.68000000e-03  3.12369842e+00 
 6.69000000e-03  3.12397740e+00 
 6.70000000e-03  3.12425424e+00 
 6.71000000e-03  3.12452896e+00 
 6.72000000e-03  3.12480158e+00 
 6.73000000e-03  3.12507212e+00 
 6.74000000e-03  3.12534062e+00 
 6.75000000e-03  3.12560708e+00 
 6.76000000e-03  3.12587154e+00 
 6.77000000e-03  3.12613401e+00 
 6.78000000e-03  3.12639452e+00 
 6.79000000e-03  3.12665309e+00 
 6.80000000e-03  3.12690974e+00 
 6.81000000e-03  3.12716448e+00 
 6.82000000e-03  3.12741735e+00 
 6.83000000e-03  3.12766837e+00 
 6.84000000e-03  3.12791754e+00 
 6.85000000e-03  3.12816490e+00 
 6.86000000e-03  3.12841047e+00 
 6.87000000e-03  3.12865425e+00 
 6.88000000e-03  3.12889628e+00 
 6.89000000e-03  3.12913658e+00 
 6.90000000e-03  3.12937515e+00 
 6.91000000e-03  3.12961203e+00 
 6.92000000e-03  3.12984723e+00 
 6.93000000e-03  3.13008076e+00 
 6.94000000e-03  3.13031265e+00 
 6.95000000e-03  3.13054292e+00 
 6.96000000e-03  3.13077158e+00 
 6.97000000e-03  3.13099866e+00 
 6.98000000e-03  3.13122416e+00 
 6.99000000e-03  3.13144811e+00 
 7.00000000e-03  3.13167052e+00 
 7.01000000e-03  3.13189141e+00 
 7.02000000e-03  3.13211080e+00 
 7.03000000e-03  3.13232871e+00 
 7.04000000e-03  3.13254514e+00 
 7.05000000e-03  3.13276012e+00 
 7.06000000e-03  3.13297367e+00 
 7.07000000e-03  3.13318579e+00 
 7.08000000e-03  3.13339651e+00 
 7.09000000e-03  3.13360583e+00 
 7.10000000e-03  3.13381379e+00 
 7.11000000e-03  3.13402038e+00 
 7.12000000e-03  3.13422562e+00 
 7.13000000e-03  3.13442954e+00 
 7.14000000e-03  3.13463214e+00 
 7.15000000e-03  3.13483344e+00 
 7.16000000e-03  3.13503345e+00 
 7.17000000e-03  3.13523219e+00 
 7.18000000e-03  3.13542967e+00 
 7.19000000e-03  3.13562590e+00 
 7.20000000e-03  3.13582090e+00 
 7.21000000e-03  3.13601468e+00 
 7.22000000e-03  3.13620726e+00 
 7.23000000e-03  3.13639864e+00 
 7.24000000e-03  3.13658884e+00 
 7.25000000e-03  3.13677788e+00 
 7.26000000e-03  3.13696575e+00 
 7.27000000e-03  3.13715249e+00 
 7.28000000e-03  3.13733810e+00 
 7.29000000e-03  3.13752258e+00 
 7.30000000e-03  3.13770596e+00 
 7.31000000e-03  3.13788825e+00 
 7.32000000e-03  3.13806945e+00 
 7.33000000e-03  3.13824958e+00 
 7.34000000e-03  3.13842865e+00 
 7.35000000e-03  3.13860667e+00 
 7.36000000e-03  3.13878365e+00 
 7.37000000e-03  3.13895960e+00 
 7.38000000e-03  3.13913454e+00 
 7.39000000e-03  3.13930847e+00 
 7.40000000e-03  3.13948140e+00 
 7.41000000e-03  3.13965334e+00 
 7.42000000e-03  3.13982431e+00 
 7.43000000e-03  3.13999432e+00 
 7.44000000e-03  3.14016337e+00 
 7.45000000e-03  3.14033147e+00 
 7.46000000e-03  3.14049864e+00 
 7.47000000e-03  3.14066488e+00 
 7.48000000e-03  3.14083020e+00 
 7.49000000e-03  3.14099461e+00 
 7.50000000e-03  3.14115813e+00 
 7.51000000e-03  3.14132075e+00 
 7.52000000e-03  3.14148249e+00 
 7.53000000e-03  3.14164336e+00 
 7.54000000e-03  3.14180337e+00 
 7.55000000e-03  3.14196252e+00 
 7.56000000e-03  3.14212083e+00 
 7.57000000e-03  3.14227830e+00 
 7.58000000e-03  3.14243494e+00 
 7.59000000e-03  3.14259075e+00 
 7.60000000e-03  3.14274576e+00 
 7.61000000e-03  3.14289995e+00 
 7.62000000e-03  3.14305335e+00 
 7.63000000e-03  3.14320596e+00 
 7.64000000e-03  3.14335779e+00 
 7.65000000e-03  3.14350884e+00 
 7.66000000e-03  3.14365912e+00 
 7.67000000e-03  3.14380865e+00 
 7.68000000e-03  3.14395742e+00 
 7.69000000e-03  3.14410545e+00 
 7.70000000e-03  3.14425273e+00 
 7.71000000e-03  3.14439929e+00 
 7.72000000e-03  3.14454512e+00 
 7.73000000e-03  3.14469024e+00 
 7.74000000e-03  3.14483464e+00 
 7.75000000e-03  3.14497834e+00 
 7.76000000e-03  3.14512134e+00 
 7.77000000e-03  3.14526365e+00 
 7.78000000e-03  3.14540528e+00 
 7.79000000e-03  3.14554623e+00 
 7.80000000e-03  3.14568650e+00 
 7.81000000e-03  3.14582612e+00 
 7.82000000e-03  3.14596507e+00 
 7.83000000e-03  3.14610336e+00 
 7.84000000e-03  3.14624101e+00 
 7.85000000e-03  3.14637802e+00 
 7.86000000e-03  3.14651439e+00 
 7.87000000e-03  3.14665013e+00 
 7.88000000e-03  3.14678525e+00 
 7.89000000e-03  3.14691974e+00 
 7.90000000e-03  3.14705363e+00 
 7.91000000e-03  3.14718691e+00 
 7.92000000e-03  3.14731958e+00 
 7.93000000e-03  3.14745166e+00 
 7.94000000e-03  3.14758314e+00 
 7.95000000e-03  3.14771404e+00 
 7.96000000e-03  3.14784436e+00 
 7.97000000e-03  3.14797410e+00 
 7.98000000e-03  3.14810326e+00 
 7.99000000e-03  3.14823187e+00 
 8.00000000e-03  3.14835991e+00 
 8.01000000e-03  3.14848739e+00 
 8.02000000e-03  3.14861433e+00 
 8.03000000e-03  3.14874071e+00 
 8.04000000e-03  3.14886656e+00 
 8.05000000e-03  3.14899186e+00 
 8.06000000e-03  3.14911663e+00 
 8.07000000e-03  3.14924088e+00 
 8.08000000e-03  3.14936460e+00 
 8.09000000e-03  3.14948780e+00 
 8.10000000e-03  3.14961048e+00 
 8.11000000e-03  3.14973266e+00 
 8.12000000e-03  3.14985432e+00 
 8.13000000e-03  3.14997549e+00 
 8.14000000e-03  3.15009616e+00 
 8.15000000e-03  3.15021633e+00 
 8.16000000e-03  3.15033601e+00 
 8.17000000e-03  3.15045521e+00 
 8.18000000e-03  3.15057392e+00 
 8.19000000e-03  3.15069216e+00 
 8.20000000e-03  3.15080992e+00 
 8.21000000e-03  3.15092721e+00 
 8.22000000e-03  3.15104403e+00 
 8.23000000e-03  3.15116039e+00 
 8.24000000e-03  3.15127630e+00 
 8.25000000e-03  3.15139174e+00 
 8.26000000e-03  3.15150674e+00 
 8.27000000e-03  3.15162129e+00 
 8.28000000e-03  3.15173539e+00 
 8.29000000e-03  3.15184905e+00 
 8.30000000e-03  3.15196228e+00 
 8.31000000e-03  3.15207507e+00 
 8.32000000e-03  3.15218742e+00 
 8.33000000e-03  3.15229936e+00 
 8.34000000e-03  3.15241086e+00 
 8.35000000e-03  3.15252195e+00 
 8.36000000e-03  3.15263262e+00 
 8.37000000e-03  3.15274288e+00 
 8.38000000e-03  3.15285272e+00 
 8.39000000e-03  3.15296216e+00 
 8.40000000e-03  3.15307119e+00 
 8.41000000e-03  3.15317982e+00 
 8.42000000e-03  3.15328805e+00 
 8.43000000e-03  3.15339588e+00 
 8.44000000e-03  3.15350333e+00 
 8.45000000e-03  3.15361038e+00 
 8.46000000e-03  3.15371704e+00 
 8.47000000e-03  3.15382333e+00 
 8.48000000e-03  3.15392923e+00 
 8.49000000e-03  3.15403475e+00 
 8.50000000e-03  3.15413990e+00 
 8.51000000e-03  3.15424467e+00 
 8.52000000e-03  3.15434908e+00 
 8.53000000e-03  3.15445312e+00 
 8.54000000e-03  3.15455679e+00 
 8.55000000e-03  3.15466010e+00 
 8.56000000e-03  3.15476306e+00 
 8.57000000e-03  3.15486565e+00 
 8.58000000e-03  3.15496790e+00 
 8.59000000e-03  3.15506979e+00 
 8.60000000e-03  3.15517133e+00 
 8.61000000e-03  3.15527252e+00 
 8.62000000e-03  3.15537338e+00 
 8.63000000e-03  3.15547389e+00 
 8.64000000e-03  3.15557406e+00 
 8.65000000e-03  3.15567389e+00 
 8.66000000e-03  3.15577339e+00 
 8.67000000e-03  3.15587256e+00 
 8.68000000e-03  3.15597140e+00 
 8.69000000e-03  3.15606991e+00 
 8.70000000e-03  3.15616810e+00 
 8.71000000e-03  3.15626596e+00 
 8.72000000e-03  3.15636350e+00 
 8.73000000e-03  3.15646073e+00 
 8.74000000e-03  3.15655764e+00 
 8.75000000e-03  3.15665423e+00 
 8.76000000e-03  3.15675052e+00 
 8.77000000e-03  3.15684649e+00 
 8.78000000e-03  3.15694215e+00 
 8.79000000e-03  3.15703751e+00 
 8.80000000e-03  3.15713257e+00 
 8.81000000e-03  3.15722733e+00 
 8.82000000e-03  3.15732178e+00 
 8.83000000e-03  3.15741594e+00 
 8.84000000e-03  3.15750981e+00 
 8.85000000e-03  3.15760338e+00 
 8.86000000e-03  3.15769666e+00 
 8.87000000e-03  3.15778964e+00 
 8.88000000e-03  3.15788235e+00 
 8.89000000e-03  3.15797476e+00 
 8.90000000e-03  3.15806689e+00 
 8.91000000e-03  3.15815875e+00 
 8.92000000e-03  3.15825032e+00 
 8.93000000e-03  3.15834161e+00 
 8.94000000e-03  3.15843262e+00 
 8.95000000e-03  3.15852336e+00 
 8.96000000e-03  3.15861383e+00 
 8.97000000e-03  3.15870403e+00 
 8.98000000e-03  3.15879395e+00 
 8.99000000e-03  3.15888361e+00 
 9.00000000e-03  3.15897301e+00 
 9.01000000e-03  3.15906214e+00 
 9.02000000e-03  3.15915100e+00 
 9.03000000e-03  3.15923961e+00 
 9.04000000e-03  3.15932795e+00 
 9.05000000e-03  3.15941604e+00 
 9.06000000e-03  3.15950387e+00 
 9.07000000e-03  3.15959145e+00 
 9.08000000e-03  3.15967877e+00 
 9.09000000e-03  3.15976585e+00 
 9.10000000e-03  3.15985267e+00 
 9.11000000e-03  3.15993925e+00 
 9.12000000e-03  3.16002557e+00 
 9.13000000e-03  3.16011166e+00 
 9.14000000e-03  3.16019750e+00 
 9.15000000e-03  3.16028309e+00 
 9.16000000e-03  3.16036845e+00 
 9.17000000e-03  3.16045357e+00 
 9.18000000e-03  3.16053845e+00 
 9.19000000e-03  3.16062309e+00 
 9.20000000e-03  3.16070750e+00 
 9.21000000e-03  3.16079167e+00 
 9.22000000e-03  3.16087561e+00 
 9.23000000e-03  3.16095932e+00 
 9.24000000e-03  3.16104281e+00 
 9.25000000e-03  3.16112606e+00 
 9.26000000e-03  3.16120909e+00 
 9.27000000e-03  3.16129189e+00 
 9.28000000e-03  3.16137446e+00 
 9.29000000e-03  3.16145682e+00 
 9.30000000e-03  3.16153895e+00 
 9.31000000e-03  3.16162086e+00 
 9.32000000e-03  3.16170256e+00 
 9.33000000e-03  3.16178403e+00 
 9.34000000e-03  3.16186529e+00 
 9.35000000e-03  3.16194634e+00 
 9.36000000e-03  3.16202717e+00 
 9.37000000e-03  3.16210779e+00 
 9.38000000e-03  3.16218819e+00 
 9.39000000e-03  3.16226839e+00 
 9.40000000e-03  3.16234838e+00 
 9.41000000e-03  3.16242816e+00 
 9.42000000e-03  3.16250773e+00 
 9.43000000e-03  3.16258710e+00 
 9.44000000e-03  3.16266626e+00 
 9.45000000e-03  3.16274522e+00 
 9.46000000e-03  3.16282398e+00 
 9.47000000e-03  3.16290253e+00 
 9.48000000e-03  3.16298089e+00 
 9.49000000e-03  3.16305905e+00 
 9.50000000e-03  3.16313701e+00 
 9.51000000e-03  3.16321477e+00 
 9.52000000e-03  3.16329234e+00 
 9.53000000e-03  3.16336971e+00 
 9.54000000e-03  3.16344689e+00 
 9.55000000e-03  3.16352388e+00 
 9.56000000e-03  3.16360068e+00 
 9.57000000e-03  3.16367728e+00 
 9.58000000e-03  3.16375370e+00 
 9.59000000e-03  3.16382993e+00 
 9.60000000e-03  3.16390597e+00 
 9.61000000e-03  3.16398183e+00 
 9.62000000e-03  3.16405750e+00 
 9.63000000e-03  3.16413299e+00 
 9.64000000e-03  3.16420829e+00 
 9.65000000e-03  3.16428341e+00 
 9.66000000e-03  3.16435835e+00 
 9.67000000e-03  3.16443311e+00 
 9.68000000e-03  3.16450769e+00 
 9.69000000e-03  3.16458209e+00 
 9.70000000e-03  3.16465632e+00 
 9.71000000e-03  3.16473037e+00 
 9.72000000e-03  3.16480424e+00 
 9.73000000e-03  3.16487794e+00 
 9.74000000e-03  3.16495146e+00 
 9.75000000e-03  3.16502481e+00 
 9.76000000e-03  3.16509799e+00 
 9.77000000e-03  3.16517100e+00 
 9.78000000e-03  3.16524383e+00 
 9.79000000e-03  3.16531650e+00 
 9.80000000e-03  3.16538900e+00 
 9.81000000e-03  3.16546133e+00 
 9.82000000e-03  3.16553350e+00 
 9.83000000e-03  3.16560550e+00 
 9.84000000e-03  3.16567733e+00 
 9.85000000e-03  3.16574900e+00 
 9.86000000e-03  3.16582051e+00 
 9.87000000e-03  3.16589185e+00 
 9.88000000e-03  3.16596304e+00 
 9.89000000e-03  3.16603406e+00 
 9.90000000e-03  3.16610492e+00 
 9.91000000e-03  3.16617562e+00 
 9.92000000e-03  3.16624616e+00 
 9.93000000e-03  3.16631655e+00 
 9.94000000e-03  3.16638677e+00 
 9.95000000e-03  3.16645684e+00 
 9.96000000e-03  3.16652676e+00 
 9.97000000e-03  3.16659652e+00 
 9.98000000e-03  3.16666613e+00 
 9.99000000e-03  3.16673558e+00 
 1.00000000e-02  3.16680488e+00 
