-1.00000000e-02  2.61925631e+01 
-9.99000000e-03  2.65156201e+01 
-9.98000000e-03  2.67189227e+01 
-9.97000000e-03  2.68436204e+01 
-9.96000000e-03  2.70104262e+01 
-9.95000000e-03  2.71791544e+01 
-9.94000000e-03  2.73498260e+01 
-9.93000000e-03  2.75224718e+01 
-9.92000000e-03  2.76971214e+01 
-9.91000000e-03  2.78738059e+01 
-9.90000000e-03  2.80525561e+01 
-9.89000000e-03  2.82334035e+01 
-9.88000000e-03  2.84163803e+01 
-9.87000000e-03  2.86015192e+01 
-9.86000000e-03  2.87888535e+01 
-9.85000000e-03  2.89784167e+01 
-9.84000000e-03  2.91702431e+01 
-9.83000000e-03  2.93643678e+01 
-9.82000000e-03  2.95608261e+01 
-9.81000000e-03  2.97596540e+01 
-9.80000000e-03  2.99608882e+01 
-9.79000000e-03  3.01645659e+01 
-9.78000000e-03  3.03707248e+01 
-9.77000000e-03  3.05794037e+01 
-9.76000000e-03  3.07906412e+01 
-9.75000000e-03  3.10044772e+01 
-9.74000000e-03  3.12209519e+01 
-9.73000000e-03  3.14401063e+01 
-9.72000000e-03  3.16619822e+01 
-9.71000000e-03  3.18866216e+01 
-9.70000000e-03  3.21140674e+01 
-9.69000000e-03  3.23443633e+01 
-9.68000000e-03  3.25775534e+01 
-9.67000000e-03  3.28136826e+01 
-9.66000000e-03  3.30527965e+01 
-9.65000000e-03  3.32949416e+01 
-9.64000000e-03  3.35401646e+01 
-9.63000000e-03  3.37885132e+01 
-9.62000000e-03  3.40400356e+01 
-9.61000000e-03  3.42947810e+01 
-9.60000000e-03  3.45527991e+01 
-9.59000000e-03  3.48141404e+01 
-9.58000000e-03  3.50788560e+01 
-9.57000000e-03  3.53469974e+01 
-9.56000000e-03  3.56186175e+01 
-9.55000000e-03  3.58937695e+01 
-9.54000000e-03  3.61725071e+01 
-9.53000000e-03  3.64548850e+01 
-9.52000000e-03  3.67409587e+01 
-9.51000000e-03  3.70307839e+01 
-9.50000000e-03  3.73244175e+01 
-9.49000000e-03  3.76219167e+01 
-9.48000000e-03  3.79233397e+01 
-9.47000000e-03  3.82287449e+01 
-9.46000000e-03  3.85381917e+01 
-9.45000000e-03  3.88517401e+01 
-9.44000000e-03  3.91694507e+01 
-9.43000000e-03  3.94913848e+01 
-9.42000000e-03  3.98176039e+01 
-9.41000000e-03  4.01481705e+01 
-9.40000000e-03  4.04831476e+01 
-9.39000000e-03  4.08225986e+01 
-9.38000000e-03  4.11665873e+01 
-9.37000000e-03  4.15151785e+01 
-9.36000000e-03  4.18684370e+01 
-9.35000000e-03  4.22264280e+01 
-9.34000000e-03  4.25892175e+01 
-9.33000000e-03  4.29568717e+01 
-9.32000000e-03  4.33294569e+01 
-9.31000000e-03  4.37070402e+01 
-9.30000000e-03  4.40896885e+01 
-9.29000000e-03  4.44774692e+01 
-9.28000000e-03  4.48704497e+01 
-9.27000000e-03  4.52686980e+01 
-9.26000000e-03  4.56722815e+01 
-9.25000000e-03  4.60812680e+01 
-9.24000000e-03  4.64957255e+01 
-9.23000000e-03  4.69157215e+01 
-9.22000000e-03  4.73413237e+01 
-9.21000000e-03  4.77725996e+01 
-9.20000000e-03  4.82096161e+01 
-9.19000000e-03  4.86524401e+01 
-9.18000000e-03  4.91011380e+01 
-9.17000000e-03  4.95557757e+01 
-9.16000000e-03  5.00164187e+01 
-9.15000000e-03  5.04831317e+01 
-9.14000000e-03  5.09559785e+01 
-9.13000000e-03  5.14350228e+01 
-9.12000000e-03  5.19203263e+01 
-9.11000000e-03  5.24119509e+01 
-9.10000000e-03  5.29099567e+01 
-9.09000000e-03  5.34144027e+01 
-9.08000000e-03  5.39253468e+01 
-9.07000000e-03  5.44428450e+01 
-9.06000000e-03  5.49669528e+01 
-9.05000000e-03  5.54977232e+01 
-9.04000000e-03  5.60352074e+01 
-9.03000000e-03  5.65794557e+01 
-9.02000000e-03  5.71305155e+01 
-9.01000000e-03  5.76884325e+01 
-9.00000000e-03  5.82532502e+01 
-8.99000000e-03  5.88250099e+01 
-8.98000000e-03  5.94037501e+01 
-8.97000000e-03  5.99895067e+01 
-8.96000000e-03  6.05823136e+01 
-8.95000000e-03  6.11822011e+01 
-8.94000000e-03  6.17891968e+01 
-8.93000000e-03  6.24033255e+01 
-8.92000000e-03  6.30246082e+01 
-8.91000000e-03  6.36530630e+01 
-8.90000000e-03  6.42887044e+01 
-8.89000000e-03  6.49315436e+01 
-8.88000000e-03  6.55815880e+01 
-8.87000000e-03  6.62388405e+01 
-8.86000000e-03  6.69033008e+01 
-8.85000000e-03  6.75749646e+01 
-8.84000000e-03  6.82538235e+01 
-8.83000000e-03  6.89398642e+01 
-8.82000000e-03  6.96330695e+01 
-8.81000000e-03  7.03334181e+01 
-8.80000000e-03  7.10408835e+01 
-8.79000000e-03  7.17554354e+01 
-8.78000000e-03  7.24770381e+01 
-8.77000000e-03  7.32056516e+01 
-8.76000000e-03  7.39412317e+01 
-8.75000000e-03  7.46837280e+01 
-8.74000000e-03  7.54330864e+01 
-8.73000000e-03  7.61892484e+01 
-8.72000000e-03  7.69521488e+01 
-8.71000000e-03  7.77217192e+01 
-8.70000000e-03  7.84978862e+01 
-8.69000000e-03  7.92805708e+01 
-8.68000000e-03  8.00696895e+01 
-8.67000000e-03  8.08651548e+01 
-8.66000000e-03  8.16668740e+01 
-8.65000000e-03  8.24747491e+01 
-8.64000000e-03  8.32886785e+01 
-8.63000000e-03  8.41085564e+01 
-8.62000000e-03  8.49342720e+01 
-8.61000000e-03  8.57657105e+01 
-8.60000000e-03  8.66027534e+01 
-8.59000000e-03  8.74452777e+01 
-8.58000000e-03  8.82931575e+01 
-8.57000000e-03  8.91462623e+01 
-8.56000000e-03  9.00044591e+01 
-8.55000000e-03  9.08676113e+01 
-8.54000000e-03  9.17355796e+01 
-8.53000000e-03  9.26082216e+01 
-8.52000000e-03  9.34853920e+01 
-8.51000000e-03  9.43669439e+01 
-8.50000000e-03  9.52527282e+01 
-8.49000000e-03  9.61425936e+01 
-8.48000000e-03  9.70363869e+01 
-8.47000000e-03  9.79339544e+01 
-8.46000000e-03  9.88351407e+01 
-8.45000000e-03  9.97397891e+01 
-8.44000000e-03  1.00647743e+02 
-8.43000000e-03  1.01558847e+02 
-8.42000000e-03  1.02472941e+02 
-8.41000000e-03  1.03389869e+02 
-8.40000000e-03  1.04309476e+02 
-8.39000000e-03  1.05231603e+02 
-8.38000000e-03  1.06156097e+02 
-8.37000000e-03  1.07082804e+02 
-8.36000000e-03  1.08011570e+02 
-8.35000000e-03  1.08942246e+02 
-8.34000000e-03  1.09874682e+02 
-8.33000000e-03  1.10808729e+02 
-8.32000000e-03  1.11744245e+02 
-8.31000000e-03  1.12681087e+02 
-8.30000000e-03  1.13619115e+02 
-8.29000000e-03  1.14558190e+02 
-8.28000000e-03  1.15498181e+02 
-8.27000000e-03  1.16438956e+02 
-8.26000000e-03  1.17380388e+02 
-8.25000000e-03  1.18322351e+02 
-8.24000000e-03  1.19264726e+02 
-8.23000000e-03  1.20207396e+02 
-8.22000000e-03  1.21150246e+02 
-8.21000000e-03  1.22093169e+02 
-8.20000000e-03  1.23036057e+02 
-8.19000000e-03  1.23978809e+02 
-8.18000000e-03  1.24921327e+02 
-8.17000000e-03  1.25863519e+02 
-8.16000000e-03  1.26805292e+02 
-8.15000000e-03  1.27746563e+02 
-8.14000000e-03  1.28687249e+02 
-8.13000000e-03  1.29627273e+02 
-8.12000000e-03  1.30566560e+02 
-8.11000000e-03  1.31505042e+02 
-8.10000000e-03  1.32442652e+02 
-8.09000000e-03  1.33379329e+02 
-8.08000000e-03  1.34315015e+02 
-8.07000000e-03  1.35249656e+02 
-8.06000000e-03  1.36183200e+02 
-8.05000000e-03  1.37115602e+02 
-8.04000000e-03  1.38046818e+02 
-8.03000000e-03  1.38976809e+02 
-8.02000000e-03  1.39905537e+02 
-8.01000000e-03  1.40832972e+02 
-8.00000000e-03  1.41759080e+02 
-7.99000000e-03  1.42683838e+02 
-7.98000000e-03  1.43607221e+02 
-7.97000000e-03  1.44529208e+02 
-7.96000000e-03  1.45449781e+02 
-7.95000000e-03  1.46368925e+02 
-7.94000000e-03  1.47286628e+02 
-7.93000000e-03  1.48202878e+02 
-7.92000000e-03  1.49117668e+02 
-7.91000000e-03  1.50030994e+02 
-7.90000000e-03  1.50942850e+02 
-7.89000000e-03  1.51853236e+02 
-7.88000000e-03  1.52762152e+02 
-7.87000000e-03  1.53669600e+02 
-7.86000000e-03  1.54575585e+02 
-7.85000000e-03  1.55480110e+02 
-7.84000000e-03  1.56383185e+02 
-7.83000000e-03  1.57284817e+02 
-7.82000000e-03  1.58185016e+02 
-7.81000000e-03  1.59083793e+02 
-7.80000000e-03  1.59981160e+02 
-7.79000000e-03  1.60877130e+02 
-7.78000000e-03  1.61771716e+02 
-7.77000000e-03  1.62664934e+02 
-7.76000000e-03  1.63556798e+02 
-7.75000000e-03  1.64447326e+02 
-7.74000000e-03  1.65336534e+02 
-7.73000000e-03  1.66224439e+02 
-7.72000000e-03  1.67111058e+02 
-7.71000000e-03  1.67996410e+02 
-7.70000000e-03  1.68880513e+02 
-7.69000000e-03  1.69763385e+02 
-7.68000000e-03  1.70645045e+02 
-7.67000000e-03  1.71525512e+02 
-7.66000000e-03  1.72404803e+02 
-7.65000000e-03  1.73282940e+02 
-7.64000000e-03  1.74159939e+02 
-7.63000000e-03  1.75035819e+02 
-7.62000000e-03  1.75910600e+02 
-7.61000000e-03  1.76784297e+02 
-7.60000000e-03  1.77656931e+02 
-7.59000000e-03  1.78528518e+02 
-7.58000000e-03  1.79399075e+02 
-7.57000000e-03  1.80268620e+02 
-7.56000000e-03  1.81137169e+02 
-7.55000000e-03  1.82004736e+02 
-7.54000000e-03  1.82871340e+02 
-7.53000000e-03  1.83736994e+02 
-7.52000000e-03  1.84601712e+02 
-7.51000000e-03  1.85465509e+02 
-7.50000000e-03  1.86328398e+02 
-7.49000000e-03  1.87190392e+02 
-7.48000000e-03  1.88051502e+02 
-7.47000000e-03  1.88911740e+02 
-7.46000000e-03  1.89771117e+02 
-7.45000000e-03  1.90629644e+02 
-7.44000000e-03  1.91487329e+02 
-7.43000000e-03  1.92344181e+02 
-7.42000000e-03  1.93200208e+02 
-7.41000000e-03  1.94055418e+02 
-7.40000000e-03  1.94909816e+02 
-7.39000000e-03  1.95763409e+02 
-7.38000000e-03  1.96616203e+02 
-7.37000000e-03  1.97468199e+02 
-7.36000000e-03  1.98319404e+02 
-7.35000000e-03  1.99169818e+02 
-7.34000000e-03  2.00019444e+02 
-7.33000000e-03  2.00868283e+02 
-7.32000000e-03  2.01716336e+02 
-7.31000000e-03  2.02563602e+02 
-7.30000000e-03  2.03410080e+02 
-7.29000000e-03  2.04255767e+02 
-7.28000000e-03  2.05100662e+02 
-7.27000000e-03  2.05944759e+02 
-7.26000000e-03  2.06788056e+02 
-7.25000000e-03  2.07630546e+02 
-7.24000000e-03  2.08472225e+02 
-7.23000000e-03  2.09313083e+02 
-7.22000000e-03  2.10153116e+02 
-7.21000000e-03  2.10992313e+02 
-7.20000000e-03  2.11830666e+02 
-7.19000000e-03  2.12668166e+02 
-7.18000000e-03  2.13504801e+02 
-7.17000000e-03  2.14340559e+02 
-7.16000000e-03  2.15175430e+02 
-7.15000000e-03  2.16009399e+02 
-7.14000000e-03  2.16842453e+02 
-7.13000000e-03  2.17674579e+02 
-7.12000000e-03  2.18505759e+02 
-7.11000000e-03  2.19335979e+02 
-7.10000000e-03  2.20165223e+02 
-7.09000000e-03  2.20993472e+02 
-7.08000000e-03  2.21820709e+02 
-7.07000000e-03  2.22646914e+02 
-7.06000000e-03  2.23472069e+02 
-7.05000000e-03  2.24296154e+02 
-7.04000000e-03  2.25119145e+02 
-7.03000000e-03  2.25941025e+02 
-7.02000000e-03  2.26761770e+02 
-7.01000000e-03  2.27581356e+02 
-7.00000000e-03  2.28399760e+02 
-6.99000000e-03  2.29216959e+02 
-6.98000000e-03  2.30032927e+02 
-6.97000000e-03  2.30847640e+02 
-6.96000000e-03  2.31661071e+02 
-6.95000000e-03  2.32473194e+02 
-6.94000000e-03  2.33283981e+02 
-6.93000000e-03  2.34093405e+02 
-6.92000000e-03  2.34901437e+02 
-6.91000000e-03  2.35708049e+02 
-6.90000000e-03  2.36513210e+02 
-6.89000000e-03  2.37316892e+02 
-6.88000000e-03  2.38119064e+02 
-6.87000000e-03  2.38919693e+02 
-6.86000000e-03  2.39718750e+02 
-6.85000000e-03  2.40516200e+02 
-6.84000000e-03  2.41312014e+02 
-6.83000000e-03  2.42106157e+02 
-6.82000000e-03  2.42898595e+02 
-6.81000000e-03  2.43689294e+02 
-6.80000000e-03  2.44478221e+02 
-6.79000000e-03  2.45265340e+02 
-6.78000000e-03  2.46050616e+02 
-6.77000000e-03  2.46834013e+02 
-6.76000000e-03  2.47615495e+02 
-6.75000000e-03  2.48395026e+02 
-6.74000000e-03  2.49172567e+02 
-6.73000000e-03  2.49948084e+02 
-6.72000000e-03  2.50721537e+02 
-6.71000000e-03  2.51492889e+02 
-6.70000000e-03  2.52262101e+02 
-6.69000000e-03  2.53029134e+02 
-6.68000000e-03  2.53793951e+02 
-6.67000000e-03  2.54556511e+02 
-6.66000000e-03  2.55316775e+02 
-6.65000000e-03  2.56074703e+02 
-6.64000000e-03  2.56830254e+02 
-6.63000000e-03  2.57583390e+02 
-6.62000000e-03  2.58334069e+02 
-6.61000000e-03  2.59082251e+02 
-6.60000000e-03  2.59827893e+02 
-6.59000000e-03  2.60570957e+02 
-6.58000000e-03  2.61311398e+02 
-6.57000000e-03  2.62049177e+02 
-6.56000000e-03  2.62784252e+02 
-6.55000000e-03  2.63516580e+02 
-6.54000000e-03  2.64246121e+02 
-6.53000000e-03  2.64972832e+02 
-6.52000000e-03  2.65696669e+02 
-6.51000000e-03  2.66417593e+02 
-6.50000000e-03  2.67135559e+02 
-6.49000000e-03  2.67850526e+02 
-6.48000000e-03  2.68562450e+02 
-6.47000000e-03  2.69271291e+02 
-6.46000000e-03  2.69977005e+02 
-6.45000000e-03  2.70679550e+02 
-6.44000000e-03  2.71378882e+02 
-6.43000000e-03  2.72074960e+02 
-6.42000000e-03  2.72767741e+02 
-6.41000000e-03  2.73457182e+02 
-6.40000000e-03  2.74143242e+02 
-6.39000000e-03  2.74825879e+02 
-6.38000000e-03  2.75505049e+02 
-6.37000000e-03  2.76180711e+02 
-6.36000000e-03  2.76852822e+02 
-6.35000000e-03  2.77521342e+02 
-6.34000000e-03  2.78186229e+02 
-6.33000000e-03  2.78847440e+02 
-6.32000000e-03  2.79504934e+02 
-6.31000000e-03  2.80158670e+02 
-6.30000000e-03  2.80808607e+02 
-6.29000000e-03  2.81454706e+02 
-6.28000000e-03  2.82096923e+02 
-6.27000000e-03  2.82735221e+02 
-6.26000000e-03  2.83369557e+02 
-6.25000000e-03  2.83999893e+02 
-6.24000000e-03  2.84626190e+02 
-6.23000000e-03  2.85248408e+02 
-6.22000000e-03  2.85866506e+02 
-6.21000000e-03  2.86480449e+02 
-6.20000000e-03  2.87090196e+02 
-6.19000000e-03  2.87695711e+02 
-6.18000000e-03  2.88296955e+02 
-6.17000000e-03  2.88893891e+02 
-6.16000000e-03  2.89486482e+02 
-6.15000000e-03  2.90074692e+02 
-6.14000000e-03  2.90658485e+02 
-6.13000000e-03  2.91237825e+02 
-6.12000000e-03  2.91812677e+02 
-6.11000000e-03  2.92383006e+02 
-6.10000000e-03  2.92948778e+02 
-6.09000000e-03  2.93509958e+02 
-6.08000000e-03  2.94066513e+02 
-6.07000000e-03  2.94618410e+02 
-6.06000000e-03  2.95165618e+02 
-6.05000000e-03  2.95708104e+02 
-6.04000000e-03  2.96245836e+02 
-6.03000000e-03  2.96778784e+02 
-6.02000000e-03  2.97306917e+02 
-6.01000000e-03  2.97830204e+02 
-6.00000000e-03  2.98348618e+02 
-5.99000000e-03  2.98862129e+02 
-5.98000000e-03  2.99370708e+02 
-5.97000000e-03  2.99874329e+02 
-5.96000000e-03  3.00372964e+02 
-5.95000000e-03  3.00866587e+02 
-5.94000000e-03  3.01355172e+02 
-5.93000000e-03  3.01838693e+02 
-5.92000000e-03  3.02317126e+02 
-5.91000000e-03  3.02790448e+02 
-5.90000000e-03  3.03258633e+02 
-5.89000000e-03  3.03721660e+02 
-5.88000000e-03  3.04179507e+02 
-5.87000000e-03  3.04632153e+02 
-5.86000000e-03  3.05079575e+02 
-5.85000000e-03  3.05521754e+02 
-5.84000000e-03  3.05958671e+02 
-5.83000000e-03  3.06390307e+02 
-5.82000000e-03  3.06816644e+02 
-5.81000000e-03  3.07237663e+02 
-5.80000000e-03  3.07653348e+02 
-5.79000000e-03  3.08063684e+02 
-5.78000000e-03  3.08468654e+02 
-5.77000000e-03  3.08868245e+02 
-5.76000000e-03  3.09262441e+02 
-5.75000000e-03  3.09651229e+02 
-5.74000000e-03  3.10034597e+02 
-5.73000000e-03  3.10412534e+02 
-5.72000000e-03  3.10785026e+02 
-5.71000000e-03  3.11152064e+02 
-5.70000000e-03  3.11513639e+02 
-5.69000000e-03  3.11869740e+02 
-5.68000000e-03  3.12220360e+02 
-5.67000000e-03  3.12565491e+02 
-5.66000000e-03  3.12905125e+02 
-5.65000000e-03  3.13239258e+02 
-5.64000000e-03  3.13567881e+02 
-5.63000000e-03  3.13890991e+02 
-5.62000000e-03  3.14208584e+02 
-5.61000000e-03  3.14520655e+02 
-5.60000000e-03  3.14827203e+02 
-5.59000000e-03  3.15128226e+02 
-5.58000000e-03  3.15423722e+02 
-5.57000000e-03  3.15713690e+02 
-5.56000000e-03  3.15998129e+02 
-5.55000000e-03  3.16277042e+02 
-5.54000000e-03  3.16550428e+02 
-5.53000000e-03  3.16818291e+02 
-5.52000000e-03  3.17080632e+02 
-5.51000000e-03  3.17337457e+02 
-5.50000000e-03  3.17588767e+02 
-5.49000000e-03  3.17834570e+02 
-5.48000000e-03  3.18074868e+02 
-5.47000000e-03  3.18309669e+02 
-5.46000000e-03  3.18538979e+02 
-5.45000000e-03  3.18762807e+02 
-5.44000000e-03  3.18981160e+02 
-5.43000000e-03  3.19194046e+02 
-5.42000000e-03  3.19401475e+02 
-5.41000000e-03  3.19603457e+02 
-5.40000000e-03  3.19800003e+02 
-5.39000000e-03  3.19991123e+02 
-5.38000000e-03  3.20176830e+02 
-5.37000000e-03  3.20357136e+02 
-5.36000000e-03  3.20532053e+02 
-5.35000000e-03  3.20701596e+02 
-5.34000000e-03  3.20865778e+02 
-5.33000000e-03  3.21024615e+02 
-5.32000000e-03  3.21178122e+02 
-5.31000000e-03  3.21326315e+02 
-5.30000000e-03  3.21469209e+02 
-5.29000000e-03  3.21606822e+02 
-5.28000000e-03  3.21739172e+02 
-5.27000000e-03  3.21866277e+02 
-5.26000000e-03  3.21988155e+02 
-5.25000000e-03  3.22104825e+02 
-5.24000000e-03  3.22216307e+02 
-5.23000000e-03  3.22322622e+02 
-5.22000000e-03  3.22423789e+02 
-5.21000000e-03  3.22519829e+02 
-5.20000000e-03  3.22610765e+02 
-5.19000000e-03  3.22696618e+02 
-5.18000000e-03  3.22777411e+02 
-5.17000000e-03  3.22853166e+02 
-5.16000000e-03  3.22923906e+02 
-5.15000000e-03  3.22989657e+02 
-5.14000000e-03  3.23050443e+02 
-5.13000000e-03  3.23106286e+02 
-5.12000000e-03  3.23157213e+02 
-5.11000000e-03  3.23203249e+02 
-5.10000000e-03  3.23244419e+02 
-5.09000000e-03  3.23280750e+02 
-5.08000000e-03  3.23312268e+02 
-5.07000000e-03  3.23339001e+02 
-5.06000000e-03  3.23360975e+02 
-5.05000000e-03  3.23378219e+02 
-5.04000000e-03  3.23390758e+02 
-5.03000000e-03  3.23398623e+02 
-5.02000000e-03  3.23401842e+02 
-5.01000000e-03  3.23400443e+02 
-5.00000000e-03  3.23394455e+02 
-4.99000000e-03  3.23383908e+02 
-4.98000000e-03  3.23368832e+02 
-4.97000000e-03  3.23349255e+02 
-4.96000000e-03  3.23325210e+02 
-4.95000000e-03  3.23296726e+02 
-4.94000000e-03  3.23263833e+02 
-4.93000000e-03  3.23226562e+02 
-4.92000000e-03  3.23184946e+02 
-4.91000000e-03  3.23139014e+02 
-4.90000000e-03  3.23088798e+02 
-4.89000000e-03  3.23034331e+02 
-4.88000000e-03  3.22975644e+02 
-4.87000000e-03  3.22912769e+02 
-4.86000000e-03  3.22845737e+02 
-4.85000000e-03  3.22774582e+02 
-4.84000000e-03  3.22699338e+02 
-4.83000000e-03  3.22620034e+02 
-4.82000000e-03  3.22536705e+02 
-4.81000000e-03  3.22449384e+02 
-4.80000000e-03  3.22358104e+02 
-4.79000000e-03  3.22262897e+02 
-4.78000000e-03  3.22163797e+02 
-4.77000000e-03  3.22060838e+02 
-4.76000000e-03  3.21954053e+02 
-4.75000000e-03  3.21843474e+02 
-4.74000000e-03  3.21729137e+02 
-4.73000000e-03  3.21611075e+02 
-4.72000000e-03  3.21489320e+02 
-4.71000000e-03  3.21363907e+02 
-4.70000000e-03  3.21234871e+02 
-4.69000000e-03  3.21102244e+02 
-4.68000000e-03  3.20966061e+02 
-4.67000000e-03  3.20826355e+02 
-4.66000000e-03  3.20683160e+02 
-4.65000000e-03  3.20536510e+02 
-4.64000000e-03  3.20386440e+02 
-4.63000000e-03  3.20232982e+02 
-4.62000000e-03  3.20076170e+02 
-4.61000000e-03  3.19916041e+02 
-4.60000000e-03  3.19752625e+02 
-4.59000000e-03  3.19585957e+02 
-4.58000000e-03  3.19416072e+02 
-4.57000000e-03  3.19243001e+02 
-4.56000000e-03  3.19066781e+02 
-4.55000000e-03  3.18887444e+02 
-4.54000000e-03  3.18705023e+02 
-4.53000000e-03  3.18519553e+02 
-4.52000000e-03  3.18331065e+02 
-4.51000000e-03  3.18139595e+02 
-4.50000000e-03  3.17945175e+02 
-4.49000000e-03  3.17747839e+02 
-4.48000000e-03  3.17547618e+02 
-4.47000000e-03  3.17344547e+02 
-4.46000000e-03  3.17138659e+02 
-4.45000000e-03  3.16929986e+02 
-4.44000000e-03  3.16718560e+02 
-4.43000000e-03  3.16504415e+02 
-4.42000000e-03  3.16287583e+02 
-4.41000000e-03  3.16068096e+02 
-4.40000000e-03  3.15845987e+02 
-4.39000000e-03  3.15621287e+02 
-4.38000000e-03  3.15394029e+02 
-4.37000000e-03  3.15164244e+02 
-4.36000000e-03  3.14931964e+02 
-4.35000000e-03  3.14697220e+02 
-4.34000000e-03  3.14460046e+02 
-4.33000000e-03  3.14220471e+02 
-4.32000000e-03  3.13978525e+02 
-4.31000000e-03  3.13734241e+02 
-4.30000000e-03  3.13487649e+02 
-4.29000000e-03  3.13238780e+02 
-4.28000000e-03  3.12987665e+02 
-4.27000000e-03  3.12734333e+02 
-4.26000000e-03  3.12478814e+02 
-4.25000000e-03  3.12221139e+02 
-4.24000000e-03  3.11961339e+02 
-4.23000000e-03  3.11699441e+02 
-4.22000000e-03  3.11435475e+02 
-4.21000000e-03  3.11169473e+02 
-4.20000000e-03  3.10901460e+02 
-4.19000000e-03  3.10631467e+02 
-4.18000000e-03  3.10359523e+02 
-4.17000000e-03  3.10085656e+02 
-4.16000000e-03  3.09809895e+02 
-4.15000000e-03  3.09532267e+02 
-4.14000000e-03  3.09252801e+02 
-4.13000000e-03  3.08971525e+02 
-4.12000000e-03  3.08688465e+02 
-4.11000000e-03  3.08403649e+02 
-4.10000000e-03  3.08117105e+02 
-4.09000000e-03  3.07828861e+02 
-4.08000000e-03  3.07538940e+02 
-4.07000000e-03  3.07247372e+02 
-4.06000000e-03  3.06954182e+02 
-4.05000000e-03  3.06659397e+02 
-4.04000000e-03  3.06363043e+02 
-4.03000000e-03  3.06065144e+02 
-4.02000000e-03  3.05765727e+02 
-4.01000000e-03  3.05464818e+02 
-4.00000000e-03  3.05162442e+02 
-3.99000000e-03  3.04858622e+02 
-3.98000000e-03  3.04553385e+02 
-3.97000000e-03  3.04246754e+02 
-3.96000000e-03  3.03938754e+02 
-3.95000000e-03  3.03629410e+02 
-3.94000000e-03  3.03318745e+02 
-3.93000000e-03  3.03006783e+02 
-3.92000000e-03  3.02693547e+02 
-3.91000000e-03  3.02379060e+02 
-3.90000000e-03  3.02063348e+02 
-3.89000000e-03  3.01746430e+02 
-3.88000000e-03  3.01428331e+02 
-3.87000000e-03  3.01109073e+02 
-3.86000000e-03  3.00788678e+02 
-3.85000000e-03  3.00467168e+02 
-3.84000000e-03  3.00144566e+02 
-3.83000000e-03  2.99820893e+02 
-3.82000000e-03  2.99496169e+02 
-3.81000000e-03  2.99170418e+02 
-3.80000000e-03  2.98843659e+02 
-3.79000000e-03  2.98515913e+02 
-3.78000000e-03  2.98187202e+02 
-3.77000000e-03  2.97857545e+02 
-3.76000000e-03  2.97526963e+02 
-3.75000000e-03  2.97195475e+02 
-3.74000000e-03  2.96863103e+02 
-3.73000000e-03  2.96529865e+02 
-3.72000000e-03  2.96195780e+02 
-3.71000000e-03  2.95860869e+02 
-3.70000000e-03  2.95525149e+02 
-3.69000000e-03  2.95188640e+02 
-3.68000000e-03  2.94851361e+02 
-3.67000000e-03  2.94513330e+02 
-3.66000000e-03  2.94174565e+02 
-3.65000000e-03  2.93835084e+02 
-3.64000000e-03  2.93494906e+02 
-3.63000000e-03  2.93154047e+02 
-3.62000000e-03  2.92812525e+02 
-3.61000000e-03  2.92470359e+02 
-3.60000000e-03  2.92127563e+02 
-3.59000000e-03  2.91784156e+02 
-3.58000000e-03  2.91440155e+02 
-3.57000000e-03  2.91095576e+02 
-3.56000000e-03  2.90750434e+02 
-3.55000000e-03  2.90404748e+02 
-3.54000000e-03  2.90058531e+02 
-3.53000000e-03  2.89711801e+02 
-3.52000000e-03  2.89364573e+02 
-3.51000000e-03  2.89016861e+02 
-3.50000000e-03  2.88668682e+02 
-3.49000000e-03  2.88320052e+02 
-3.48000000e-03  2.87970983e+02 
-3.47000000e-03  2.87621491e+02 
-3.46000000e-03  2.87271592e+02 
-3.45000000e-03  2.86921299e+02 
-3.44000000e-03  2.86570625e+02 
-3.43000000e-03  2.86219587e+02 
-3.42000000e-03  2.85868197e+02 
-3.41000000e-03  2.85516468e+02 
-3.40000000e-03  2.85164417e+02 
-3.39000000e-03  2.84812053e+02 
-3.38000000e-03  2.84459391e+02 
-3.37000000e-03  2.84106445e+02 
-3.36000000e-03  2.83753226e+02 
-3.35000000e-03  2.83399749e+02 
-3.34000000e-03  2.83046025e+02 
-3.33000000e-03  2.82692067e+02 
-3.32000000e-03  2.82337887e+02 
-3.31000000e-03  2.81983497e+02 
-3.30000000e-03  2.81628909e+02 
-3.29000000e-03  2.81274135e+02 
-3.28000000e-03  2.80919187e+02 
-3.27000000e-03  2.80564075e+02 
-3.26000000e-03  2.80208812e+02 
-3.25000000e-03  2.79853408e+02 
-3.24000000e-03  2.79497875e+02 
-3.23000000e-03  2.79142223e+02 
-3.22000000e-03  2.78786463e+02 
-3.21000000e-03  2.78430607e+02 
-3.20000000e-03  2.78074663e+02 
-3.19000000e-03  2.77718643e+02 
-3.18000000e-03  2.77362557e+02 
-3.17000000e-03  2.77006415e+02 
-3.16000000e-03  2.76650226e+02 
-3.15000000e-03  2.76294001e+02 
-3.14000000e-03  2.75937749e+02 
-3.13000000e-03  2.75581479e+02 
-3.12000000e-03  2.75225201e+02 
-3.11000000e-03  2.74868926e+02 
-3.10000000e-03  2.74512660e+02 
-3.09000000e-03  2.74156413e+02 
-3.08000000e-03  2.73800195e+02 
-3.07000000e-03  2.73444014e+02 
-3.06000000e-03  2.73087878e+02 
-3.05000000e-03  2.72731797e+02 
-3.04000000e-03  2.72375777e+02 
-3.03000000e-03  2.72019828e+02 
-3.02000000e-03  2.71663959e+02 
-3.01000000e-03  2.71308176e+02 
-3.00000000e-03  2.70952487e+02 
-2.99000000e-03  2.70596902e+02 
-2.98000000e-03  2.70241426e+02 
-2.97000000e-03  2.69886068e+02 
-2.96000000e-03  2.69530835e+02 
-2.95000000e-03  2.69175734e+02 
-2.94000000e-03  2.68820773e+02 
-2.93000000e-03  2.68465960e+02 
-2.92000000e-03  2.68111299e+02 
-2.91000000e-03  2.67756799e+02 
-2.90000000e-03  2.67402466e+02 
-2.89000000e-03  2.67048308e+02 
-2.88000000e-03  2.66694331e+02 
-2.87000000e-03  2.66340540e+02 
-2.86000000e-03  2.65986943e+02 
-2.85000000e-03  2.65633546e+02 
-2.84000000e-03  2.65280354e+02 
-2.83000000e-03  2.64927375e+02 
-2.82000000e-03  2.64574613e+02 
-2.81000000e-03  2.64222076e+02 
-2.80000000e-03  2.63869768e+02 
-2.79000000e-03  2.63517695e+02 
-2.78000000e-03  2.63165864e+02 
-2.77000000e-03  2.62814279e+02 
-2.76000000e-03  2.62462945e+02 
-2.75000000e-03  2.62111869e+02 
-2.74000000e-03  2.61761055e+02 
-2.73000000e-03  2.61410509e+02 
-2.72000000e-03  2.61060236e+02 
-2.71000000e-03  2.60710241e+02 
-2.70000000e-03  2.60360527e+02 
-2.69000000e-03  2.60011101e+02 
-2.68000000e-03  2.59661968e+02 
-2.67000000e-03  2.59313130e+02 
-2.66000000e-03  2.58964595e+02 
-2.65000000e-03  2.58616364e+02 
-2.64000000e-03  2.58268445e+02 
-2.63000000e-03  2.57920840e+02 
-2.62000000e-03  2.57573553e+02 
-2.61000000e-03  2.57226589e+02 
-2.60000000e-03  2.56879953e+02 
-2.59000000e-03  2.56533648e+02 
-2.58000000e-03  2.56187677e+02 
-2.57000000e-03  2.55842045e+02 
-2.56000000e-03  2.55496756e+02 
-2.55000000e-03  2.55151814e+02 
-2.54000000e-03  2.54807222e+02 
-2.53000000e-03  2.54462984e+02 
-2.52000000e-03  2.54119102e+02 
-2.51000000e-03  2.53775582e+02 
-2.50000000e-03  2.53432425e+02 
-2.49000000e-03  2.53089636e+02 
-2.48000000e-03  2.52747217e+02 
-2.47000000e-03  2.52405174e+02 
-2.46000000e-03  2.52063507e+02 
-2.45000000e-03  2.51722219e+02 
-2.44000000e-03  2.51381315e+02 
-2.43000000e-03  2.51040797e+02 
-2.42000000e-03  2.50700669e+02 
-2.41000000e-03  2.50360932e+02 
-2.40000000e-03  2.50021589e+02 
-2.39000000e-03  2.49682644e+02 
-2.38000000e-03  2.49344099e+02 
-2.37000000e-03  2.49005956e+02 
-2.36000000e-03  2.48668219e+02 
-2.35000000e-03  2.48330888e+02 
-2.34000000e-03  2.47993968e+02 
-2.33000000e-03  2.47657461e+02 
-2.32000000e-03  2.47321368e+02 
-2.31000000e-03  2.46985692e+02 
-2.30000000e-03  2.46650436e+02 
-2.29000000e-03  2.46315601e+02 
-2.28000000e-03  2.45981190e+02 
-2.27000000e-03  2.45647204e+02 
-2.26000000e-03  2.45313645e+02 
-2.25000000e-03  2.44980517e+02 
-2.24000000e-03  2.44647819e+02 
-2.23000000e-03  2.44315556e+02 
-2.22000000e-03  2.43983727e+02 
-2.21000000e-03  2.43652336e+02 
-2.20000000e-03  2.43321383e+02 
-2.19000000e-03  2.42990871e+02 
-2.18000000e-03  2.42660801e+02 
-2.17000000e-03  2.42331174e+02 
-2.16000000e-03  2.42001994e+02 
-2.15000000e-03  2.41673259e+02 
-2.14000000e-03  2.41344973e+02 
-2.13000000e-03  2.41017137e+02 
-2.12000000e-03  2.40689752e+02 
-2.11000000e-03  2.40362819e+02 
-2.10000000e-03  2.40036340e+02 
-2.09000000e-03  2.39710317e+02 
-2.08000000e-03  2.39384750e+02 
-2.07000000e-03  2.39059639e+02 
-2.06000000e-03  2.38734988e+02 
-2.05000000e-03  2.38410797e+02 
-2.04000000e-03  2.38087066e+02 
-2.03000000e-03  2.37763798e+02 
-2.02000000e-03  2.37440992e+02 
-2.01000000e-03  2.37118651e+02 
-2.00000000e-03  2.36796774e+02 
-1.99000000e-03  2.36475363e+02 
-1.98000000e-03  2.36154420e+02 
-1.97000000e-03  2.35833943e+02 
-1.96000000e-03  2.35513934e+02 
-1.95000000e-03  2.35194396e+02 
-1.94000000e-03  2.34875327e+02 
-1.93000000e-03  2.34556728e+02 
-1.92000000e-03  2.34238601e+02 
-1.91000000e-03  2.33920946e+02 
-1.90000000e-03  2.33603763e+02 
-1.89000000e-03  2.33287053e+02 
-1.88000000e-03  2.32970818e+02 
-1.87000000e-03  2.32655056e+02 
-1.86000000e-03  2.32339769e+02 
-1.85000000e-03  2.32024958e+02 
-1.84000000e-03  2.31710622e+02 
-1.83000000e-03  2.31396763e+02 
-1.82000000e-03  2.31083380e+02 
-1.81000000e-03  2.30770474e+02 
-1.80000000e-03  2.30458046e+02 
-1.79000000e-03  2.30146095e+02 
-1.78000000e-03  2.29834621e+02 
-1.77000000e-03  2.29523627e+02 
-1.76000000e-03  2.29213110e+02 
-1.75000000e-03  2.28903072e+02 
-1.74000000e-03  2.28593513e+02 
-1.73000000e-03  2.28284434e+02 
-1.72000000e-03  2.27975833e+02 
-1.71000000e-03  2.27667712e+02 
-1.70000000e-03  2.27360069e+02 
-1.69000000e-03  2.27052907e+02 
-1.68000000e-03  2.26746224e+02 
-1.67000000e-03  2.26440021e+02 
-1.66000000e-03  2.26134297e+02 
-1.65000000e-03  2.25829053e+02 
-1.64000000e-03  2.25524289e+02 
-1.63000000e-03  2.25220004e+02 
-1.62000000e-03  2.24916198e+02 
-1.61000000e-03  2.24612873e+02 
-1.60000000e-03  2.24310026e+02 
-1.59000000e-03  2.24007659e+02 
-1.58000000e-03  2.23705771e+02 
-1.57000000e-03  2.23404361e+02 
-1.56000000e-03  2.23103431e+02 
-1.55000000e-03  2.22802979e+02 
-1.54000000e-03  2.22503005e+02 
-1.53000000e-03  2.22203510e+02 
-1.52000000e-03  2.21904492e+02 
-1.51000000e-03  2.21605952e+02 
-1.50000000e-03  2.21307889e+02 
-1.49000000e-03  2.21010303e+02 
-1.48000000e-03  2.20713194e+02 
-1.47000000e-03  2.20416562e+02 
-1.46000000e-03  2.20120406e+02 
-1.45000000e-03  2.19824725e+02 
-1.44000000e-03  2.19529519e+02 
-1.43000000e-03  2.19234789e+02 
-1.42000000e-03  2.18940533e+02 
-1.41000000e-03  2.18646751e+02 
-1.40000000e-03  2.18353443e+02 
-1.39000000e-03  2.18060609e+02 
-1.38000000e-03  2.17768247e+02 
-1.37000000e-03  2.17476357e+02 
-1.36000000e-03  2.17184939e+02 
-1.35000000e-03  2.16893993e+02 
-1.34000000e-03  2.16603518e+02 
-1.33000000e-03  2.16313512e+02 
-1.32000000e-03  2.16023977e+02 
-1.31000000e-03  2.15734911e+02 
-1.30000000e-03  2.15446314e+02 
-1.29000000e-03  2.15158185e+02 
-1.28000000e-03  2.14870523e+02 
-1.27000000e-03  2.14583328e+02 
-1.26000000e-03  2.14296600e+02 
-1.25000000e-03  2.14010337e+02 
-1.24000000e-03  2.13724540e+02 
-1.23000000e-03  2.13439207e+02 
-1.22000000e-03  2.13154338e+02 
-1.21000000e-03  2.12869932e+02 
-1.20000000e-03  2.12585989e+02 
-1.19000000e-03  2.12302507e+02 
-1.18000000e-03  2.12019487e+02 
-1.17000000e-03  2.11736927e+02 
-1.16000000e-03  2.11454826e+02 
-1.15000000e-03  2.11173185e+02 
-1.14000000e-03  2.10892003e+02 
-1.13000000e-03  2.10611278e+02 
-1.12000000e-03  2.10331010e+02 
-1.11000000e-03  2.10051197e+02 
-1.10000000e-03  2.09771840e+02 
-1.09000000e-03  2.09492939e+02 
-1.08000000e-03  2.09214490e+02 
-1.07000000e-03  2.08936495e+02 
-1.06000000e-03  2.08658952e+02 
-1.05000000e-03  2.08381860e+02 
-1.04000000e-03  2.08105219e+02 
-1.03000000e-03  2.07829029e+02 
-1.02000000e-03  2.07553286e+02 
-1.01000000e-03  2.07277992e+02 
-1.00000000e-03  2.07003146e+02 
-9.90000000e-04  2.06728746e+02 
-9.80000000e-04  2.06454792e+02 
-9.70000000e-04  2.06181283e+02 
-9.60000000e-04  2.05908218e+02 
-9.50000000e-04  2.05635595e+02 
-9.40000000e-04  2.05363415e+02 
-9.30000000e-04  2.05091677e+02 
-9.20000000e-04  2.04820379e+02 
-9.10000000e-04  2.04549520e+02 
-9.00000000e-04  2.04279101e+02 
-8.90000000e-04  2.04009119e+02 
-8.80000000e-04  2.03739574e+02 
-8.70000000e-04  2.03470466e+02 
-8.60000000e-04  2.03201792e+02 
-8.50000000e-04  2.02933552e+02 
-8.40000000e-04  2.02665746e+02 
-8.30000000e-04  2.02398372e+02 
-8.20000000e-04  2.02131429e+02 
-8.10000000e-04  2.01864917e+02 
-8.00000000e-04  2.01598835e+02 
-7.90000000e-04  2.01333181e+02 
-7.80000000e-04  2.01067954e+02 
-7.70000000e-04  2.00803155e+02 
-7.60000000e-04  2.00538781e+02 
-7.50000000e-04  2.00274832e+02 
-7.40000000e-04  2.00011306e+02 
-7.30000000e-04  1.99748204e+02 
-7.20000000e-04  1.99485523e+02 
-7.10000000e-04  1.99223263e+02 
-7.00000000e-04  1.98961423e+02 
-6.90000000e-04  1.98700002e+02 
-6.80000000e-04  1.98438999e+02 
-6.70000000e-04  1.98178413e+02 
-6.60000000e-04  1.97918243e+02 
-6.50000000e-04  1.97658488e+02 
-6.40000000e-04  1.97399146e+02 
-6.30000000e-04  1.97140218e+02 
-6.20000000e-04  1.96881701e+02 
-6.10000000e-04  1.96623596e+02 
-6.00000000e-04  1.96365900e+02 
-5.90000000e-04  1.96108614e+02 
-5.80000000e-04  1.95851735e+02 
-5.70000000e-04  1.95595262e+02 
-5.60000000e-04  1.95339196e+02 
-5.50000000e-04  1.95083535e+02 
-5.40000000e-04  1.94828277e+02 
-5.30000000e-04  1.94573423e+02 
-5.20000000e-04  1.94318969e+02 
-5.10000000e-04  1.94064917e+02 
-5.00000000e-04  1.93811264e+02 
-4.90000000e-04  1.93558010e+02 
-4.80000000e-04  1.93305153e+02 
-4.70000000e-04  1.93052693e+02 
-4.60000000e-04  1.92800629e+02 
-4.50000000e-04  1.92548959e+02 
-4.40000000e-04  1.92297682e+02 
-4.30000000e-04  1.92046798e+02 
-4.20000000e-04  1.91796305e+02 
-4.10000000e-04  1.91546203e+02 
-4.00000000e-04  1.91296489e+02 
-3.90000000e-04  1.91047164e+02 
-3.80000000e-04  1.90798226e+02 
-3.70000000e-04  1.90549674e+02 
-3.60000000e-04  1.90301507e+02 
-3.50000000e-04  1.90053724e+02 
-3.40000000e-04  1.89806324e+02 
-3.30000000e-04  1.89559305e+02 
-3.20000000e-04  1.89312668e+02 
-3.10000000e-04  1.89066411e+02 
-3.00000000e-04  1.88820531e+02 
-2.90000000e-04  1.88575030e+02 
-2.80000000e-04  1.88329905e+02 
-2.70000000e-04  1.88085155e+02 
-2.60000000e-04  1.87840780e+02 
-2.50000000e-04  1.87596778e+02 
-2.40000000e-04  1.87353149e+02 
-2.30000000e-04  1.87109891e+02 
-2.20000000e-04  1.86867003e+02 
-2.10000000e-04  1.86624484e+02 
-2.00000000e-04  1.86382333e+02 
-1.90000000e-04  1.86140549e+02 
-1.80000000e-04  1.85899131e+02 
-1.70000000e-04  1.85658077e+02 
-1.60000000e-04  1.85417388e+02 
-1.50000000e-04  1.85177061e+02 
-1.40000000e-04  1.84937096e+02 
-1.30000000e-04  1.84697491e+02 
-1.20000000e-04  1.84458246e+02 
-1.10000000e-04  1.84219359e+02 
-1.00000000e-04  1.83980830e+02 
-9.00000000e-05  1.83742656e+02 
-8.00000000e-05  1.83504838e+02 
-7.00000000e-05  1.83267375e+02 
-6.00000000e-05  1.83030264e+02 
-5.00000000e-05  1.82793505e+02 
-4.00000000e-05  1.82557098e+02 
-3.00000000e-05  1.82321040e+02 
-2.00000000e-05  1.82085330e+02 
-1.00000000e-05  1.81849969e+02 
-2.38768423e-16  1.81614954e+02 
 1.00000000e-05  1.81380285e+02 
 2.00000000e-05  1.81145961e+02 
 3.00000000e-05  1.80911980e+02 
 4.00000000e-05  1.80678341e+02 
 5.00000000e-05  1.80445044e+02 
 6.00000000e-05  1.80212087e+02 
 7.00000000e-05  1.79979469e+02 
 8.00000000e-05  1.79747189e+02 
 9.00000000e-05  1.79515247e+02 
 1.00000000e-04  1.79283640e+02 
 1.10000000e-04  1.79052369e+02 
 1.20000000e-04  1.78821431e+02 
 1.30000000e-04  1.78590826e+02 
 1.40000000e-04  1.78360553e+02 
 1.50000000e-04  1.78130611e+02 
 1.60000000e-04  1.77900999e+02 
 1.70000000e-04  1.77671715e+02 
 1.80000000e-04  1.77442759e+02 
 1.90000000e-04  1.77214129e+02 
 2.00000000e-04  1.76985824e+02 
 2.10000000e-04  1.76757844e+02 
 2.20000000e-04  1.76530188e+02 
 2.30000000e-04  1.76302854e+02 
 2.40000000e-04  1.76075841e+02 
 2.50000000e-04  1.75849148e+02 
 2.60000000e-04  1.75622775e+02 
 2.70000000e-04  1.75396719e+02 
 2.80000000e-04  1.75170981e+02 
 2.90000000e-04  1.74945558e+02 
 3.00000000e-04  1.74720451e+02 
 3.10000000e-04  1.74495657e+02 
 3.20000000e-04  1.74271176e+02 
 3.30000000e-04  1.74047008e+02 
 3.40000000e-04  1.73823150e+02 
 3.50000000e-04  1.73599602e+02 
 3.60000000e-04  1.73376362e+02 
 3.70000000e-04  1.73153430e+02 
 3.80000000e-04  1.72930805e+02 
 3.90000000e-04  1.72708485e+02 
 4.00000000e-04  1.72486470e+02 
 4.10000000e-04  1.72264759e+02 
 4.20000000e-04  1.72043350e+02 
 4.30000000e-04  1.71822243e+02 
 4.40000000e-04  1.71601435e+02 
 4.50000000e-04  1.71380928e+02 
 4.60000000e-04  1.71160719e+02 
 4.70000000e-04  1.70940807e+02 
 4.80000000e-04  1.70721191e+02 
 4.90000000e-04  1.70501871e+02 
 5.00000000e-04  1.70282846e+02 
 5.10000000e-04  1.70064113e+02 
 5.20000000e-04  1.69845673e+02 
 5.30000000e-04  1.69627524e+02 
 5.40000000e-04  1.69409665e+02 
 5.50000000e-04  1.69192095e+02 
 5.60000000e-04  1.68974813e+02 
 5.70000000e-04  1.68757819e+02 
 5.80000000e-04  1.68541111e+02 
 5.90000000e-04  1.68324688e+02 
 6.00000000e-04  1.68108549e+02 
 6.10000000e-04  1.67892693e+02 
 6.20000000e-04  1.67677120e+02 
 6.30000000e-04  1.67461827e+02 
 6.40000000e-04  1.67246814e+02 
 6.50000000e-04  1.67032081e+02 
 6.60000000e-04  1.66817626e+02 
 6.70000000e-04  1.66603448e+02 
 6.80000000e-04  1.66389545e+02 
 6.90000000e-04  1.66175918e+02 
 7.00000000e-04  1.65962566e+02 
 7.10000000e-04  1.65749486e+02 
 7.20000000e-04  1.65536678e+02 
 7.30000000e-04  1.65324142e+02 
 7.40000000e-04  1.65111875e+02 
 7.50000000e-04  1.64899878e+02 
 7.60000000e-04  1.64688149e+02 
 7.70000000e-04  1.64476686e+02 
 7.80000000e-04  1.64265490e+02 
 7.90000000e-04  1.64054560e+02 
 8.00000000e-04  1.63843893e+02 
 8.10000000e-04  1.63633490e+02 
 8.20000000e-04  1.63423349e+02 
 8.30000000e-04  1.63213469e+02 
 8.40000000e-04  1.63003849e+02 
 8.50000000e-04  1.62794489e+02 
 8.60000000e-04  1.62585386e+02 
 8.70000000e-04  1.62376542e+02 
 8.80000000e-04  1.62167954e+02 
 8.90000000e-04  1.61959620e+02 
 9.00000000e-04  1.61751542e+02 
 9.10000000e-04  1.61543717e+02 
 9.20000000e-04  1.61336144e+02 
 9.30000000e-04  1.61128823e+02 
 9.40000000e-04  1.60921752e+02 
 9.50000000e-04  1.60714931e+02 
 9.60000000e-04  1.60508359e+02 
 9.70000000e-04  1.60302034e+02 
 9.80000000e-04  1.60095955e+02 
 9.90000000e-04  1.59890123e+02 
 1.00000000e-03  1.59684536e+02 
 1.01000000e-03  1.59479191e+02 
 1.02000000e-03  1.59274090e+02 
 1.03000000e-03  1.59069231e+02 
 1.04000000e-03  1.58864613e+02 
 1.05000000e-03  1.58660234e+02 
 1.06000000e-03  1.58456095e+02 
 1.07000000e-03  1.58252194e+02 
 1.08000000e-03  1.58048530e+02 
 1.09000000e-03  1.57845102e+02 
 1.10000000e-03  1.57641909e+02 
 1.11000000e-03  1.57438950e+02 
 1.12000000e-03  1.57236225e+02 
 1.13000000e-03  1.57033733e+02 
 1.14000000e-03  1.56831471e+02 
 1.15000000e-03  1.56629440e+02 
 1.16000000e-03  1.56427639e+02 
 1.17000000e-03  1.56226066e+02 
 1.18000000e-03  1.56024721e+02 
 1.19000000e-03  1.55823603e+02 
 1.20000000e-03  1.55622710e+02 
 1.21000000e-03  1.55422043e+02 
 1.22000000e-03  1.55221599e+02 
 1.23000000e-03  1.55021378e+02 
 1.24000000e-03  1.54821379e+02 
 1.25000000e-03  1.54621602e+02 
 1.26000000e-03  1.54422044e+02 
 1.27000000e-03  1.54222706e+02 
 1.28000000e-03  1.54023586e+02 
 1.29000000e-03  1.53824684e+02 
 1.30000000e-03  1.53625998e+02 
 1.31000000e-03  1.53427527e+02 
 1.32000000e-03  1.53229271e+02 
 1.33000000e-03  1.53031229e+02 
 1.34000000e-03  1.52833400e+02 
 1.35000000e-03  1.52635782e+02 
 1.36000000e-03  1.52438376e+02 
 1.37000000e-03  1.52241179e+02 
 1.38000000e-03  1.52044191e+02 
 1.39000000e-03  1.51847412e+02 
 1.40000000e-03  1.51650839e+02 
 1.41000000e-03  1.51454473e+02 
 1.42000000e-03  1.51258313e+02 
 1.43000000e-03  1.51062357e+02 
 1.44000000e-03  1.50866604e+02 
 1.45000000e-03  1.50671054e+02 
 1.46000000e-03  1.50475706e+02 
 1.47000000e-03  1.50280559e+02 
 1.48000000e-03  1.50085611e+02 
 1.49000000e-03  1.49890863e+02 
 1.50000000e-03  1.49696312e+02 
 1.51000000e-03  1.49501959e+02 
 1.52000000e-03  1.49307802e+02 
 1.53000000e-03  1.49113840e+02 
 1.54000000e-03  1.48920072e+02 
 1.55000000e-03  1.48726499e+02 
 1.56000000e-03  1.48533117e+02 
 1.57000000e-03  1.48339927e+02 
 1.58000000e-03  1.48146928e+02 
 1.59000000e-03  1.47954119e+02 
 1.60000000e-03  1.47761499e+02 
 1.61000000e-03  1.47569067e+02 
 1.62000000e-03  1.47376822e+02 
 1.63000000e-03  1.47184763e+02 
 1.64000000e-03  1.46992889e+02 
 1.65000000e-03  1.46801200e+02 
 1.66000000e-03  1.46609694e+02 
 1.67000000e-03  1.46418371e+02 
 1.68000000e-03  1.46227230e+02 
 1.69000000e-03  1.46036269e+02 
 1.70000000e-03  1.45845488e+02 
 1.71000000e-03  1.45654885e+02 
 1.72000000e-03  1.45464462e+02 
 1.73000000e-03  1.45274214e+02 
 1.74000000e-03  1.45084144e+02 
 1.75000000e-03  1.44894248e+02 
 1.76000000e-03  1.44704527e+02 
 1.77000000e-03  1.44514979e+02 
 1.78000000e-03  1.44325604e+02 
 1.79000000e-03  1.44136400e+02 
 1.80000000e-03  1.43947367e+02 
 1.81000000e-03  1.43758504e+02 
 1.82000000e-03  1.43569810e+02 
 1.83000000e-03  1.43381284e+02 
 1.84000000e-03  1.43192925e+02 
 1.85000000e-03  1.43004732e+02 
 1.86000000e-03  1.42816704e+02 
 1.87000000e-03  1.42628841e+02 
 1.88000000e-03  1.42441140e+02 
 1.89000000e-03  1.42253603e+02 
 1.90000000e-03  1.42066227e+02 
 1.91000000e-03  1.41879011e+02 
 1.92000000e-03  1.41691956e+02 
 1.93000000e-03  1.41505059e+02 
 1.94000000e-03  1.41318320e+02 
 1.95000000e-03  1.41131737e+02 
 1.96000000e-03  1.40945312e+02 
 1.97000000e-03  1.40759041e+02 
 1.98000000e-03  1.40572924e+02 
 1.99000000e-03  1.40386960e+02 
 2.00000000e-03  1.40201149e+02 
 2.01000000e-03  1.40015489e+02 
 2.02000000e-03  1.39829980e+02 
 2.03000000e-03  1.39644620e+02 
 2.04000000e-03  1.39459409e+02 
 2.05000000e-03  1.39274346e+02 
 2.06000000e-03  1.39089429e+02 
 2.07000000e-03  1.38904658e+02 
 2.08000000e-03  1.38720031e+02 
 2.09000000e-03  1.38535550e+02 
 2.10000000e-03  1.38351210e+02 
 2.11000000e-03  1.38167013e+02 
 2.12000000e-03  1.37982957e+02 
 2.13000000e-03  1.37799040e+02 
 2.14000000e-03  1.37615264e+02 
 2.15000000e-03  1.37431625e+02 
 2.16000000e-03  1.37248123e+02 
 2.17000000e-03  1.37064758e+02 
 2.18000000e-03  1.36881528e+02 
 2.19000000e-03  1.36698433e+02 
 2.20000000e-03  1.36515471e+02 
 2.21000000e-03  1.36332642e+02 
 2.22000000e-03  1.36149943e+02 
 2.23000000e-03  1.35967375e+02 
 2.24000000e-03  1.35784938e+02 
 2.25000000e-03  1.35602628e+02 
 2.26000000e-03  1.35420446e+02 
 2.27000000e-03  1.35238391e+02 
 2.28000000e-03  1.35056461e+02 
 2.29000000e-03  1.34874656e+02 
 2.30000000e-03  1.34692974e+02 
 2.31000000e-03  1.34511415e+02 
 2.32000000e-03  1.34329978e+02 
 2.33000000e-03  1.34148662e+02 
 2.34000000e-03  1.33967465e+02 
 2.35000000e-03  1.33786386e+02 
 2.36000000e-03  1.33605425e+02 
 2.37000000e-03  1.33424581e+02 
 2.38000000e-03  1.33243852e+02 
 2.39000000e-03  1.33063238e+02 
 2.40000000e-03  1.32882738e+02 
 2.41000000e-03  1.32702349e+02 
 2.42000000e-03  1.32522072e+02 
 2.43000000e-03  1.32341906e+02 
 2.44000000e-03  1.32161849e+02 
 2.45000000e-03  1.31981900e+02 
 2.46000000e-03  1.31802058e+02 
 2.47000000e-03  1.31622323e+02 
 2.48000000e-03  1.31442693e+02 
 2.49000000e-03  1.31263166e+02 
 2.50000000e-03  1.31083743e+02 
 2.51000000e-03  1.30904422e+02 
 2.52000000e-03  1.30725201e+02 
 2.53000000e-03  1.30546080e+02 
 2.54000000e-03  1.30367057e+02 
 2.55000000e-03  1.30188133e+02 
 2.56000000e-03  1.30009304e+02 
 2.57000000e-03  1.29830571e+02 
 2.58000000e-03  1.29651932e+02 
 2.59000000e-03  1.29473386e+02 
 2.60000000e-03  1.29294932e+02 
 2.61000000e-03  1.29116568e+02 
 2.62000000e-03  1.28938294e+02 
 2.63000000e-03  1.28760109e+02 
 2.64000000e-03  1.28582011e+02 
 2.65000000e-03  1.28403999e+02 
 2.66000000e-03  1.28226072e+02 
 2.67000000e-03  1.28048229e+02 
 2.68000000e-03  1.27870469e+02 
 2.69000000e-03  1.27692789e+02 
 2.70000000e-03  1.27515190e+02 
 2.71000000e-03  1.27337670e+02 
 2.72000000e-03  1.27160228e+02 
 2.73000000e-03  1.26982862e+02 
 2.74000000e-03  1.26805571e+02 
 2.75000000e-03  1.26628355e+02 
 2.76000000e-03  1.26451211e+02 
 2.77000000e-03  1.26274139e+02 
 2.78000000e-03  1.26097137e+02 
 2.79000000e-03  1.25920204e+02 
 2.80000000e-03  1.25743338e+02 
 2.81000000e-03  1.25566539e+02 
 2.82000000e-03  1.25389805e+02 
 2.83000000e-03  1.25213135e+02 
 2.84000000e-03  1.25036527e+02 
 2.85000000e-03  1.24859980e+02 
 2.86000000e-03  1.24683493e+02 
 2.87000000e-03  1.24507064e+02 
 2.88000000e-03  1.24330692e+02 
 2.89000000e-03  1.24154375e+02 
 2.90000000e-03  1.23978113e+02 
 2.91000000e-03  1.23801904e+02 
 2.92000000e-03  1.23625745e+02 
 2.93000000e-03  1.23449637e+02 
 2.94000000e-03  1.23273577e+02 
 2.95000000e-03  1.23097564e+02 
 2.96000000e-03  1.22921597e+02 
 2.97000000e-03  1.22745673e+02 
 2.98000000e-03  1.22569792e+02 
 2.99000000e-03  1.22393952e+02 
 3.00000000e-03  1.22218151e+02 
 3.01000000e-03  1.22042388e+02 
 3.02000000e-03  1.21866662e+02 
 3.03000000e-03  1.21690970e+02 
 3.04000000e-03  1.21515311e+02 
 3.05000000e-03  1.21339685e+02 
 3.06000000e-03  1.21164088e+02 
 3.07000000e-03  1.20988519e+02 
 3.08000000e-03  1.20812976e+02 
 3.09000000e-03  1.20637459e+02 
 3.10000000e-03  1.20461965e+02 
 3.11000000e-03  1.20286492e+02 
 3.12000000e-03  1.20111040e+02 
 3.13000000e-03  1.19935605e+02 
 3.14000000e-03  1.19760186e+02 
 3.15000000e-03  1.19584782e+02 
 3.16000000e-03  1.19409391e+02 
 3.17000000e-03  1.19234010e+02 
 3.18000000e-03  1.19058639e+02 
 3.19000000e-03  1.18883275e+02 
 3.20000000e-03  1.18707915e+02 
 3.21000000e-03  1.18532560e+02 
 3.22000000e-03  1.18357205e+02 
 3.23000000e-03  1.18181851e+02 
 3.24000000e-03  1.18006493e+02 
 3.25000000e-03  1.17831131e+02 
 3.26000000e-03  1.17655763e+02 
 3.27000000e-03  1.17480386e+02 
 3.28000000e-03  1.17304998e+02 
 3.29000000e-03  1.17129597e+02 
 3.30000000e-03  1.16954182e+02 
 3.31000000e-03  1.16778750e+02 
 3.32000000e-03  1.16603298e+02 
 3.33000000e-03  1.16427824e+02 
 3.34000000e-03  1.16252327e+02 
 3.35000000e-03  1.16076804e+02 
 3.36000000e-03  1.15901254e+02 
 3.37000000e-03  1.15725672e+02 
 3.38000000e-03  1.15550057e+02 
 3.39000000e-03  1.15374407e+02 
 3.40000000e-03  1.15198720e+02 
 3.41000000e-03  1.15022992e+02 
 3.42000000e-03  1.14847222e+02 
 3.43000000e-03  1.14671406e+02 
 3.44000000e-03  1.14495543e+02 
 3.45000000e-03  1.14319629e+02 
 3.46000000e-03  1.14143662e+02 
 3.47000000e-03  1.13967641e+02 
 3.48000000e-03  1.13791560e+02 
 3.49000000e-03  1.13615419e+02 
 3.50000000e-03  1.13439214e+02 
 3.51000000e-03  1.13262943e+02 
 3.52000000e-03  1.13086602e+02 
 3.53000000e-03  1.12910189e+02 
 3.54000000e-03  1.12733700e+02 
 3.55000000e-03  1.12557134e+02 
 3.56000000e-03  1.12380486e+02 
 3.57000000e-03  1.12203755e+02 
 3.58000000e-03  1.12026936e+02 
 3.59000000e-03  1.11850026e+02 
 3.60000000e-03  1.11673023e+02 
 3.61000000e-03  1.11495923e+02 
 3.62000000e-03  1.11318722e+02 
 3.63000000e-03  1.11141419e+02 
 3.64000000e-03  1.10964008e+02 
 3.65000000e-03  1.10786487e+02 
 3.66000000e-03  1.10608853e+02 
 3.67000000e-03  1.10431101e+02 
 3.68000000e-03  1.10253228e+02 
 3.69000000e-03  1.10075231e+02 
 3.70000000e-03  1.09897105e+02 
 3.71000000e-03  1.09718848e+02 
 3.72000000e-03  1.09540455e+02 
 3.73000000e-03  1.09361921e+02 
 3.74000000e-03  1.09183245e+02 
 3.75000000e-03  1.09004421e+02 
 3.76000000e-03  1.08825444e+02 
 3.77000000e-03  1.08646313e+02 
 3.78000000e-03  1.08467021e+02 
 3.79000000e-03  1.08287565e+02 
 3.80000000e-03  1.08107941e+02 
 3.81000000e-03  1.07928143e+02 
 3.82000000e-03  1.07748168e+02 
 3.83000000e-03  1.07568012e+02 
 3.84000000e-03  1.07387669e+02 
 3.85000000e-03  1.07207134e+02 
 3.86000000e-03  1.07026404e+02 
 3.87000000e-03  1.06845473e+02 
 3.88000000e-03  1.06664337e+02 
 3.89000000e-03  1.06482989e+02 
 3.90000000e-03  1.06301426e+02 
 3.91000000e-03  1.06119642e+02 
 3.92000000e-03  1.05937632e+02 
 3.93000000e-03  1.05755391e+02 
 3.94000000e-03  1.05572913e+02 
 3.95000000e-03  1.05390192e+02 
 3.96000000e-03  1.05207224e+02 
 3.97000000e-03  1.05024002e+02 
 3.98000000e-03  1.04840521e+02 
 3.99000000e-03  1.04656775e+02 
 4.00000000e-03  1.04472757e+02 
 4.01000000e-03  1.04288463e+02 
 4.02000000e-03  1.04103885e+02 
 4.03000000e-03  1.03919017e+02 
 4.04000000e-03  1.03733854e+02 
 4.05000000e-03  1.03548388e+02 
 4.06000000e-03  1.03362613e+02 
 4.07000000e-03  1.03176522e+02 
 4.08000000e-03  1.02990109e+02 
 4.09000000e-03  1.02803367e+02 
 4.10000000e-03  1.02616288e+02 
 4.11000000e-03  1.02428866e+02 
 4.12000000e-03  1.02241093e+02 
 4.13000000e-03  1.02052961e+02 
 4.14000000e-03  1.01864464e+02 
 4.15000000e-03  1.01675594e+02 
 4.16000000e-03  1.01486343e+02 
 4.17000000e-03  1.01296702e+02 
 4.18000000e-03  1.01106665e+02 
 4.19000000e-03  1.00916223e+02 
 4.20000000e-03  1.00725367e+02 
 4.21000000e-03  1.00534090e+02 
 4.22000000e-03  1.00342382e+02 
 4.23000000e-03  1.00150235e+02 
 4.24000000e-03  9.99576407e+01 
 4.25000000e-03  9.97645893e+01 
 4.26000000e-03  9.95710720e+01 
 4.27000000e-03  9.93770793e+01 
 4.28000000e-03  9.91826018e+01 
 4.29000000e-03  9.89876304e+01 
 4.30000000e-03  9.87921547e+01 
 4.31000000e-03  9.85961651e+01 
 4.32000000e-03  9.83996516e+01 
 4.33000000e-03  9.82026040e+01 
 4.34000000e-03  9.80050118e+01 
 4.35000000e-03  9.78068644e+01 
 4.36000000e-03  9.76081515e+01 
 4.37000000e-03  9.74088614e+01 
 4.38000000e-03  9.72089840e+01 
 4.39000000e-03  9.70085076e+01 
 4.40000000e-03  9.68074205e+01 
 4.41000000e-03  9.66057115e+01 
 4.42000000e-03  9.64033690e+01 
 4.43000000e-03  9.62003807e+01 
 4.44000000e-03  9.59967346e+01 
 4.45000000e-03  9.57924185e+01 
 4.46000000e-03  9.55874198e+01 
 4.47000000e-03  9.53817258e+01 
 4.48000000e-03  9.51753235e+01 
 4.49000000e-03  9.49682002e+01 
 4.50000000e-03  9.47603426e+01 
 4.51000000e-03  9.45517371e+01 
 4.52000000e-03  9.43423702e+01 
 4.53000000e-03  9.41322279e+01 
 4.54000000e-03  9.39212963e+01 
 4.55000000e-03  9.37095614e+01 
 4.56000000e-03  9.34970085e+01 
 4.57000000e-03  9.32836231e+01 
 4.58000000e-03  9.30693904e+01 
 4.59000000e-03  9.28542954e+01 
 4.60000000e-03  9.26383234e+01 
 4.61000000e-03  9.24214583e+01 
 4.62000000e-03  9.22036847e+01 
 4.63000000e-03  9.19849873e+01 
 4.64000000e-03  9.17653497e+01 
 4.65000000e-03  9.15447562e+01 
 4.66000000e-03  9.13231903e+01 
 4.67000000e-03  9.11006349e+01 
 4.68000000e-03  9.08770743e+01 
 4.69000000e-03  9.06524912e+01 
 4.70000000e-03  9.04268683e+01 
 4.71000000e-03  9.02001886e+01 
 4.72000000e-03  8.99724349e+01 
 4.73000000e-03  8.97435896e+01 
 4.74000000e-03  8.95136347e+01 
 4.75000000e-03  8.92825526e+01 
 4.76000000e-03  8.90503250e+01 
 4.77000000e-03  8.88169339e+01 
 4.78000000e-03  8.85823610e+01 
 4.79000000e-03  8.83465881e+01 
 4.80000000e-03  8.81095962e+01 
 4.81000000e-03  8.78713664e+01 
 4.82000000e-03  8.76318805e+01 
 4.83000000e-03  8.73911195e+01 
 4.84000000e-03  8.71490639e+01 
 4.85000000e-03  8.69056948e+01 
 4.86000000e-03  8.66609935e+01 
 4.87000000e-03  8.64149402e+01 
 4.88000000e-03  8.61675157e+01 
 4.89000000e-03  8.59187009e+01 
 4.90000000e-03  8.56684763e+01 
 4.91000000e-03  8.54168224e+01 
 4.92000000e-03  8.51637200e+01 
 4.93000000e-03  8.49091497e+01 
 4.94000000e-03  8.46530919e+01 
 4.95000000e-03  8.43955276e+01 
 4.96000000e-03  8.41364377e+01 
 4.97000000e-03  8.38758028e+01 
 4.98000000e-03  8.36136038e+01 
 4.99000000e-03  8.33498219e+01 
 5.00000000e-03  8.30844383e+01 
 5.01000000e-03  8.28174342e+01 
 5.02000000e-03  8.25487912e+01 
 5.03000000e-03  8.22784912e+01 
 5.04000000e-03  8.20065165e+01 
 5.05000000e-03  8.17328488e+01 
 5.06000000e-03  8.14574704e+01 
 5.07000000e-03  8.11803648e+01 
 5.08000000e-03  8.09015149e+01 
 5.09000000e-03  8.06209039e+01 
 5.10000000e-03  8.03385160e+01 
 5.11000000e-03  8.00543356e+01 
 5.12000000e-03  7.97683474e+01 
 5.13000000e-03  7.94805366e+01 
 5.14000000e-03  7.91908889e+01 
 5.15000000e-03  7.88993905e+01 
 5.16000000e-03  7.86060288e+01 
 5.17000000e-03  7.83107909e+01 
 5.18000000e-03  7.80136647e+01 
 5.19000000e-03  7.77146398e+01 
 5.20000000e-03  7.74137051e+01 
 5.21000000e-03  7.71108512e+01 
 5.22000000e-03  7.68060694e+01 
 5.23000000e-03  7.64993511e+01 
 5.24000000e-03  7.61906895e+01 
 5.25000000e-03  7.58800784e+01 
 5.26000000e-03  7.55675123e+01 
 5.27000000e-03  7.52529867e+01 
 5.28000000e-03  7.49364989e+01 
 5.29000000e-03  7.46180464e+01 
 5.30000000e-03  7.42976275e+01 
 5.31000000e-03  7.39752426e+01 
 5.32000000e-03  7.36508933e+01 
 5.33000000e-03  7.33245814e+01 
 5.34000000e-03  7.29963109e+01 
 5.35000000e-03  7.26660868e+01 
 5.36000000e-03  7.23339152e+01 
 5.37000000e-03  7.19998038e+01 
 5.38000000e-03  7.16637617e+01 
 5.39000000e-03  7.13257997e+01 
 5.40000000e-03  7.09859292e+01 
 5.41000000e-03  7.06441639e+01 
 5.42000000e-03  7.03005188e+01 
 5.43000000e-03  6.99550104e+01 
 5.44000000e-03  6.96076572e+01 
 5.45000000e-03  6.92584785e+01 
 5.46000000e-03  6.89074955e+01 
 5.47000000e-03  6.85547315e+01 
 5.48000000e-03  6.82002111e+01 
 5.49000000e-03  6.78439608e+01 
 5.50000000e-03  6.74860085e+01 
 5.51000000e-03  6.71263838e+01 
 5.52000000e-03  6.67651183e+01 
 5.53000000e-03  6.64022450e+01 
 5.54000000e-03  6.60377989e+01 
 5.55000000e-03  6.56718171e+01 
 5.56000000e-03  6.53043369e+01 
 5.57000000e-03  6.49353990e+01 
 5.58000000e-03  6.45650449e+01 
 5.59000000e-03  6.41933179e+01 
 5.60000000e-03  6.38202632e+01 
 5.61000000e-03  6.34459275e+01 
 5.62000000e-03  6.30703588e+01 
 5.63000000e-03  6.26936075e+01 
 5.64000000e-03  6.23157246e+01 
 5.65000000e-03  6.19367628e+01 
 5.66000000e-03  6.15567773e+01 
 5.67000000e-03  6.11758233e+01 
 5.68000000e-03  6.07939584e+01 
 5.69000000e-03  6.04112411e+01 
 5.70000000e-03  6.00277310e+01 
 5.71000000e-03  5.96434896e+01 
 5.72000000e-03  5.92585791e+01 
 5.73000000e-03  5.88730630e+01 
 5.74000000e-03  5.84870057e+01 
 5.75000000e-03  5.81004724e+01 
 5.76000000e-03  5.77135299e+01 
 5.77000000e-03  5.73262453e+01 
 5.78000000e-03  5.69386861e+01 
 5.79000000e-03  5.65509213e+01 
 5.80000000e-03  5.61630205e+01 
 5.81000000e-03  5.57750533e+01 
 5.82000000e-03  5.53870898e+01 
 5.83000000e-03  5.49992008e+01 
 5.84000000e-03  5.46114574e+01 
 5.85000000e-03  5.42239305e+01 
 5.86000000e-03  5.38366916e+01 
 5.87000000e-03  5.34498119e+01 
 5.88000000e-03  5.30633627e+01 
 5.89000000e-03  5.26774151e+01 
 5.90000000e-03  5.22920403e+01 
 5.91000000e-03  5.19073088e+01 
 5.92000000e-03  5.15232907e+01 
 5.93000000e-03  5.11400561e+01 
 5.94000000e-03  5.07576741e+01 
 5.95000000e-03  5.03762134e+01 
 5.96000000e-03  4.99957422e+01 
 5.97000000e-03  4.96163274e+01 
 5.98000000e-03  4.92380358e+01 
 5.99000000e-03  4.88609324e+01 
 6.00000000e-03  4.84850819e+01 
 6.01000000e-03  4.81105479e+01 
 6.02000000e-03  4.77373925e+01 
 6.03000000e-03  4.73656771e+01 
 6.04000000e-03  4.69954616e+01 
 6.05000000e-03  4.66268048e+01 
 6.06000000e-03  4.62597640e+01 
 6.07000000e-03  4.58943951e+01 
 6.08000000e-03  4.55307531e+01 
 6.09000000e-03  4.51688907e+01 
 6.10000000e-03  4.48088598e+01 
 6.11000000e-03  4.44507105e+01 
 6.12000000e-03  4.40944914e+01 
 6.13000000e-03  4.37402495e+01 
 6.14000000e-03  4.33880301e+01 
 6.15000000e-03  4.30378770e+01 
 6.16000000e-03  4.26898324e+01 
 6.17000000e-03  4.23439365e+01 
 6.18000000e-03  4.20002284e+01 
 6.19000000e-03  4.16587451e+01 
 6.20000000e-03  4.13195219e+01 
 6.21000000e-03  4.09825927e+01 
 6.22000000e-03  4.06479893e+01 
 6.23000000e-03  4.03157422e+01 
 6.24000000e-03  3.99858804e+01 
 6.25000000e-03  3.96584305e+01 
 6.26000000e-03  3.93334179e+01 
 6.27000000e-03  3.90108666e+01 
 6.28000000e-03  3.86907986e+01 
 6.29000000e-03  3.83732343e+01 
 6.30000000e-03  3.80581925e+01 
 6.31000000e-03  3.77456906e+01 
 6.32000000e-03  3.74357446e+01 
 6.33000000e-03  3.71283688e+01 
 6.34000000e-03  3.68235756e+01 
 6.35000000e-03  3.65213768e+01 
 6.36000000e-03  3.62217819e+01 
 6.37000000e-03  3.59247995e+01 
 6.38000000e-03  3.56304368e+01 
 6.39000000e-03  3.53386997e+01 
 6.40000000e-03  3.50495923e+01 
 6.41000000e-03  3.47631179e+01 
 6.42000000e-03  3.44792788e+01 
 6.43000000e-03  3.41980755e+01 
 6.44000000e-03  3.39195075e+01 
 6.45000000e-03  3.36435733e+01 
 6.46000000e-03  3.33702705e+01 
 6.47000000e-03  3.30995950e+01 
 6.48000000e-03  3.28315424e+01 
 6.49000000e-03  3.25661069e+01 
 6.50000000e-03  3.23032816e+01 
 6.51000000e-03  3.20430594e+01 
 6.52000000e-03  3.17854314e+01 
 6.53000000e-03  3.15303884e+01 
 6.54000000e-03  3.12779206e+01 
 6.55000000e-03  3.10280165e+01 
 6.56000000e-03  3.07806650e+01 
 6.57000000e-03  3.05358535e+01 
 6.58000000e-03  3.02935691e+01 
 6.59000000e-03  3.00537981e+01 
 6.60000000e-03  2.98165261e+01 
 6.61000000e-03  2.95817387e+01 
 6.62000000e-03  2.93494199e+01 
 6.63000000e-03  2.91195540e+01 
 6.64000000e-03  2.88921249e+01 
 6.65000000e-03  2.86671155e+01 
 6.66000000e-03  2.84445085e+01 
 6.67000000e-03  2.82242863e+01 
 6.68000000e-03  2.80064308e+01 
 6.69000000e-03  2.77909235e+01 
 6.70000000e-03  2.75777458e+01 
 6.71000000e-03  2.73668786e+01 
 6.72000000e-03  2.71583026e+01 
 6.73000000e-03  2.69519982e+01 
 6.74000000e-03  2.67479456e+01 
 6.75000000e-03  2.65461250e+01 
 6.76000000e-03  2.63465159e+01 
 6.77000000e-03  2.61490978e+01 
 6.78000000e-03  2.59538506e+01 
 6.79000000e-03  2.57607537e+01 
 6.80000000e-03  2.55697859e+01 
 6.81000000e-03  2.53809265e+01 
 6.82000000e-03  2.51941547e+01 
 6.83000000e-03  2.50094491e+01 
 6.84000000e-03  2.48267892e+01 
 6.85000000e-03  2.46461538e+01 
 6.86000000e-03  2.44675213e+01 
 6.87000000e-03  2.42908712e+01 
 6.88000000e-03  2.41161820e+01 
 6.89000000e-03  2.39434327e+01 
 6.90000000e-03  2.37726023e+01 
 6.91000000e-03  2.36036696e+01 
 6.92000000e-03  2.34366138e+01 
 6.93000000e-03  2.32714141e+01 
 6.94000000e-03  2.31080494e+01 
 6.95000000e-03  2.29464990e+01 
 6.96000000e-03  2.27867423e+01 
 6.97000000e-03  2.26287586e+01 
 6.98000000e-03  2.24725275e+01 
 6.99000000e-03  2.23180286e+01 
 7.00000000e-03  2.21652418e+01 
 7.01000000e-03  2.20141467e+01 
 7.02000000e-03  2.18647235e+01 
 7.03000000e-03  2.17169523e+01 
 7.04000000e-03  2.15708131e+01 
 7.05000000e-03  2.14262868e+01 
 7.06000000e-03  2.12833536e+01 
 7.07000000e-03  2.11419944e+01 
 7.08000000e-03  2.10021898e+01 
 7.09000000e-03  2.08639212e+01 
 7.10000000e-03  2.07271696e+01 
 7.11000000e-03  2.05919163e+01 
 7.12000000e-03  2.04581428e+01 
 7.13000000e-03  2.03258310e+01 
 7.14000000e-03  2.01949627e+01 
 7.15000000e-03  2.00655199e+01 
 7.16000000e-03  1.99374849e+01 
 7.17000000e-03  1.98108399e+01 
 7.18000000e-03  1.96855676e+01 
 7.19000000e-03  1.95616510e+01 
 7.20000000e-03  1.94390726e+01 
 7.21000000e-03  1.93178157e+01 
 7.22000000e-03  1.91978637e+01 
 7.23000000e-03  1.90792000e+01 
 7.24000000e-03  1.89618085e+01 
 7.25000000e-03  1.88456729e+01 
 7.26000000e-03  1.87307771e+01 
 7.27000000e-03  1.86171054e+01 
 7.28000000e-03  1.85046422e+01 
 7.29000000e-03  1.83933723e+01 
 7.30000000e-03  1.82832804e+01 
 7.31000000e-03  1.81743513e+01 
 7.32000000e-03  1.80665700e+01 
 7.33000000e-03  1.79599223e+01 
 7.34000000e-03  1.78543934e+01 
 7.35000000e-03  1.77499691e+01 
 7.36000000e-03  1.76466351e+01 
 7.37000000e-03  1.75443775e+01 
 7.38000000e-03  1.74431826e+01 
 7.39000000e-03  1.73430367e+01 
 7.40000000e-03  1.72439264e+01 
 7.41000000e-03  1.71458385e+01 
 7.42000000e-03  1.70487598e+01 
 7.43000000e-03  1.69526773e+01 
 7.44000000e-03  1.68575785e+01 
 7.45000000e-03  1.67634507e+01 
 7.46000000e-03  1.66702813e+01 
 7.47000000e-03  1.65780582e+01 
 7.48000000e-03  1.64867694e+01 
 7.49000000e-03  1.63964028e+01 
 7.50000000e-03  1.63069467e+01 
 7.51000000e-03  1.62183895e+01 
 7.52000000e-03  1.61307196e+01 
 7.53000000e-03  1.60439258e+01 
 7.54000000e-03  1.59579970e+01 
 7.55000000e-03  1.58729221e+01 
 7.56000000e-03  1.57886904e+01 
 7.57000000e-03  1.57052910e+01 
 7.58000000e-03  1.56227134e+01 
 7.59000000e-03  1.55409473e+01 
 7.60000000e-03  1.54599823e+01 
 7.61000000e-03  1.53798083e+01 
 7.62000000e-03  1.53004155e+01 
 7.63000000e-03  1.52217938e+01 
 7.64000000e-03  1.51439335e+01 
 7.65000000e-03  1.50668251e+01 
 7.66000000e-03  1.49904592e+01 
 7.67000000e-03  1.49148264e+01 
 7.68000000e-03  1.48399175e+01 
 7.69000000e-03  1.47657235e+01 
 7.70000000e-03  1.46922356e+01 
 7.71000000e-03  1.46194447e+01 
 7.72000000e-03  1.45473423e+01 
 7.73000000e-03  1.44759198e+01 
 7.74000000e-03  1.44051687e+01 
 7.75000000e-03  1.43350808e+01 
 7.76000000e-03  1.42656479e+01 
 7.77000000e-03  1.41968618e+01 
 7.78000000e-03  1.41287145e+01 
 7.79000000e-03  1.40611981e+01 
 7.80000000e-03  1.39943051e+01 
 7.81000000e-03  1.39280276e+01 
 7.82000000e-03  1.38623581e+01 
 7.83000000e-03  1.37972893e+01 
 7.84000000e-03  1.37328137e+01 
 7.85000000e-03  1.36689242e+01 
 7.86000000e-03  1.36056136e+01 
 7.87000000e-03  1.35428748e+01 
 7.88000000e-03  1.34807011e+01 
 7.89000000e-03  1.34190855e+01 
 7.90000000e-03  1.33580212e+01 
 7.91000000e-03  1.32975017e+01 
 7.92000000e-03  1.32375204e+01 
 7.93000000e-03  1.31780708e+01 
 7.94000000e-03  1.31191467e+01 
 7.95000000e-03  1.30607417e+01 
 7.96000000e-03  1.30028495e+01 
 7.97000000e-03  1.29454642e+01 
 7.98000000e-03  1.28885797e+01 
 7.99000000e-03  1.28321899e+01 
 8.00000000e-03  1.27762892e+01 
 8.01000000e-03  1.27208717e+01 
 8.02000000e-03  1.26659319e+01 
 8.03000000e-03  1.26114639e+01 
 8.04000000e-03  1.25574622e+01 
 8.05000000e-03  1.25039216e+01 
 8.06000000e-03  1.24508365e+01 
 8.07000000e-03  1.23982017e+01 
 8.08000000e-03  1.23460119e+01 
 8.09000000e-03  1.22942619e+01 
 8.10000000e-03  1.22429467e+01 
 8.11000000e-03  1.21920612e+01 
 8.12000000e-03  1.21416006e+01 
 8.13000000e-03  1.20915599e+01 
 8.14000000e-03  1.20419342e+01 
 8.15000000e-03  1.19927188e+01 
 8.16000000e-03  1.19439093e+01 
 8.17000000e-03  1.18955007e+01 
 8.18000000e-03  1.18474885e+01 
 8.19000000e-03  1.17998684e+01 
 8.20000000e-03  1.17526359e+01 
 8.21000000e-03  1.17057865e+01 
 8.22000000e-03  1.16593160e+01 
 8.23000000e-03  1.16132202e+01 
 8.24000000e-03  1.15674947e+01 
 8.25000000e-03  1.15221354e+01 
 8.26000000e-03  1.14771384e+01 
 8.27000000e-03  1.14324996e+01 
 8.28000000e-03  1.13882150e+01 
 8.29000000e-03  1.13442805e+01 
 8.30000000e-03  1.13006926e+01 
 8.31000000e-03  1.12574471e+01 
 8.32000000e-03  1.12145405e+01 
 8.33000000e-03  1.11719689e+01 
 8.34000000e-03  1.11297288e+01 
 8.35000000e-03  1.10878165e+01 
 8.36000000e-03  1.10462284e+01 
 8.37000000e-03  1.10049611e+01 
 8.38000000e-03  1.09640110e+01 
 8.39000000e-03  1.09233746e+01 
 8.40000000e-03  1.08830486e+01 
 8.41000000e-03  1.08430298e+01 
 8.42000000e-03  1.08033149e+01 
 8.43000000e-03  1.07639004e+01 
 8.44000000e-03  1.07247832e+01 
 8.45000000e-03  1.06859602e+01 
 8.46000000e-03  1.06474281e+01 
 8.47000000e-03  1.06091841e+01 
 8.48000000e-03  1.05712250e+01 
 8.49000000e-03  1.05335478e+01 
 8.50000000e-03  1.04961494e+01 
 8.51000000e-03  1.04590270e+01 
 8.52000000e-03  1.04221778e+01 
 8.53000000e-03  1.03855988e+01 
 8.54000000e-03  1.03492873e+01 
 8.55000000e-03  1.03132404e+01 
 8.56000000e-03  1.02774555e+01 
 8.57000000e-03  1.02419297e+01 
 8.58000000e-03  1.02066604e+01 
 8.59000000e-03  1.01716451e+01 
 8.60000000e-03  1.01368810e+01 
 8.61000000e-03  1.01023656e+01 
 8.62000000e-03  1.00680964e+01 
 8.63000000e-03  1.00340709e+01 
 8.64000000e-03  1.00002865e+01 
 8.65000000e-03  9.96674073e+00 
 8.66000000e-03  9.93343149e+00 
 8.67000000e-03  9.90035613e+00 
 8.68000000e-03  9.86751224e+00 
 8.69000000e-03  9.83489778e+00 
 8.70000000e-03  9.80251017e+00 
 8.71000000e-03  9.77034710e+00 
 8.72000000e-03  9.73840667e+00 
 8.73000000e-03  9.70668648e+00 
 8.74000000e-03  9.67518430e+00 
 8.75000000e-03  9.64389800e+00 
 8.76000000e-03  9.61282542e+00 
 8.77000000e-03  9.58196461e+00 
 8.78000000e-03  9.55131332e+00 
 8.79000000e-03  9.52086954e+00 
 8.80000000e-03  9.49063127e+00 
 8.81000000e-03  9.46059650e+00 
 8.82000000e-03  9.43076332e+00 
 8.83000000e-03  9.40112965e+00 
 8.84000000e-03  9.37169358e+00 
 8.85000000e-03  9.34245323e+00 
 8.86000000e-03  9.31340669e+00 
 8.87000000e-03  9.28455227e+00 
 8.88000000e-03  9.25588803e+00 
 8.89000000e-03  9.22741200e+00 
 8.90000000e-03  9.19912238e+00 
 8.91000000e-03  9.17101767e+00 
 8.92000000e-03  9.14309602e+00 
 8.93000000e-03  9.11535545e+00 
 8.94000000e-03  9.08779459e+00 
 8.95000000e-03  9.06041166e+00 
 8.96000000e-03  9.03320484e+00 
 8.97000000e-03  9.00617249e+00 
 8.98000000e-03  8.97931313e+00 
 8.99000000e-03  8.95262518e+00 
 9.00000000e-03  8.92610678e+00 
 9.01000000e-03  8.89975659e+00 
 9.02000000e-03  8.87357300e+00 
 9.03000000e-03  8.84755447e+00 
 9.04000000e-03  8.82169940e+00 
 9.05000000e-03  8.79600631e+00 
 9.06000000e-03  8.77047398e+00 
 9.07000000e-03  8.74510056e+00 
 9.08000000e-03  8.71988476e+00 
 9.09000000e-03  8.69482517e+00 
 9.10000000e-03  8.66992040e+00 
 9.11000000e-03  8.64516897e+00 
 9.12000000e-03  8.62056954e+00 
 9.13000000e-03  8.59612074e+00 
 9.14000000e-03  8.57182109e+00 
 9.15000000e-03  8.54766945e+00 
 9.16000000e-03  8.52366444e+00 
 9.17000000e-03  8.49980467e+00 
 9.18000000e-03  8.47608897e+00 
 9.19000000e-03  8.45251600e+00 
 9.20000000e-03  8.42908431e+00 
 9.21000000e-03  8.40579295e+00 
 9.22000000e-03  8.38264069e+00 
 9.23000000e-03  8.35962607e+00 
 9.24000000e-03  8.33674805e+00 
 9.25000000e-03  8.31400528e+00 
 9.26000000e-03  8.29139676e+00 
 9.27000000e-03  8.26892121e+00 
 9.28000000e-03  8.24657749e+00 
 9.29000000e-03  8.22436452e+00 
 9.30000000e-03  8.20228110e+00 
 9.31000000e-03  8.18032620e+00 
 9.32000000e-03  8.15849855e+00 
 9.33000000e-03  8.13679720e+00 
 9.34000000e-03  8.11522108e+00 
 9.35000000e-03  8.09376900e+00 
 9.36000000e-03  8.07244002e+00 
 9.37000000e-03  8.05123310e+00 
 9.38000000e-03  8.03014702e+00 
 9.39000000e-03  8.00918093e+00 
 9.40000000e-03  7.98833386e+00 
 9.41000000e-03  7.96760469e+00 
 9.42000000e-03  7.94699241e+00 
 9.43000000e-03  7.92649614e+00 
 9.44000000e-03  7.90611486e+00 
 9.45000000e-03  7.88584765e+00 
 9.46000000e-03  7.86569349e+00 
 9.47000000e-03  7.84565143e+00 
 9.48000000e-03  7.82572068e+00 
 9.49000000e-03  7.80590029e+00 
 9.50000000e-03  7.78618915e+00 
 9.51000000e-03  7.76658652e+00 
 9.52000000e-03  7.74709163e+00 
 9.53000000e-03  7.72770337e+00 
 9.54000000e-03  7.70842093e+00 
 9.55000000e-03  7.68924350e+00 
 9.56000000e-03  7.67017024e+00 
 9.57000000e-03  7.65120032e+00 
 9.58000000e-03  7.63233274e+00 
 9.59000000e-03  7.61356684e+00 
 9.60000000e-03  7.59490188e+00 
 9.61000000e-03  7.57633679e+00 
 9.62000000e-03  7.55787091e+00 
 9.63000000e-03  7.53950348e+00 
 9.64000000e-03  7.52123359e+00 
 9.65000000e-03  7.50306067e+00 
 9.66000000e-03  7.48498382e+00 
 9.67000000e-03  7.46700219e+00 
 9.68000000e-03  7.44911519e+00 
 9.69000000e-03  7.43132201e+00 
 9.70000000e-03  7.41362187e+00 
 9.71000000e-03  7.39601413e+00 
 9.72000000e-03  7.37849806e+00 
 9.73000000e-03  7.36107284e+00 
 9.74000000e-03  7.34373783e+00 
 9.75000000e-03  7.32649231e+00 
 9.76000000e-03  7.30933563e+00 
 9.77000000e-03  7.29226706e+00 
 9.78000000e-03  7.27528591e+00 
 9.79000000e-03  7.25839158e+00 
 9.80000000e-03  7.24158333e+00 
 9.81000000e-03  7.22486050e+00 
 9.82000000e-03  7.20822250e+00 
 9.83000000e-03  7.19166859e+00 
 9.84000000e-03  7.17519824e+00 
 9.85000000e-03  7.15881075e+00 
 9.86000000e-03  7.14250543e+00 
 9.87000000e-03  7.12628171e+00 
 9.88000000e-03  7.11013902e+00 
 9.89000000e-03  7.09407674e+00 
 9.90000000e-03  7.07809425e+00 
 9.91000000e-03  7.06219097e+00 
 9.92000000e-03  7.04636620e+00 
 9.93000000e-03  7.03061950e+00 
 9.94000000e-03  7.01495020e+00 
 9.95000000e-03  6.99935770e+00 
 9.96000000e-03  6.98384160e+00 
 9.97000000e-03  6.96840110e+00 
 9.98000000e-03  6.95303587e+00 
 9.99000000e-03  6.93774515e+00 
 1.00000000e-02  6.92249134e+00 
