 1.00000000e+00 -3.49184734e-03 
 1.02329299e+00 -3.57318291e-03 
 1.04712855e+00 -3.65641303e-03 
 1.07151931e+00 -3.74158183e-03 
 1.09647820e+00 -3.82873446e-03 
 1.12201845e+00 -3.91791714e-03 
 1.14815362e+00 -4.00917716e-03 
 1.17489755e+00 -4.10256289e-03 
 1.20226443e+00 -4.19812385e-03 
 1.23026877e+00 -4.29591071e-03 
 1.25892541e+00 -4.39597533e-03 
 1.28824955e+00 -4.49837074e-03 
 1.31825674e+00 -4.60315126e-03 
 1.34896288e+00 -4.71037242e-03 
 1.38038426e+00 -4.82009108e-03 
 1.41253754e+00 -4.93236542e-03 
 1.44543977e+00 -5.04725497e-03 
 1.47910839e+00 -5.16482064e-03 
 1.51356125e+00 -5.28512476e-03 
 1.54881662e+00 -5.40823112e-03 
 1.58489319e+00 -5.53420501e-03 
 1.62181010e+00 -5.66311319e-03 
 1.65958691e+00 -5.79502404e-03 
 1.69824365e+00 -5.93000748e-03 
 1.73780083e+00 -6.06813510e-03 
 1.77827941e+00 -6.20948011e-03 
 1.81970086e+00 -6.35411748e-03 
 1.86208714e+00 -6.50212388e-03 
 1.90546072e+00 -6.65357779e-03 
 1.94984460e+00 -6.80855952e-03 
 1.99526231e+00 -6.96715123e-03 
 2.04173794e+00 -7.12943702e-03 
 2.08929613e+00 -7.29550293e-03 
 2.13796209e+00 -7.46543701e-03 
 2.18776162e+00 -7.63932936e-03 
 2.23872114e+00 -7.81727219e-03 
 2.29086765e+00 -7.99935983e-03 
 2.34422882e+00 -8.18568884e-03 
 2.39883292e+00 -8.37635801e-03 
 2.45470892e+00 -8.57146843e-03 
 2.51188643e+00 -8.77112356e-03 
 2.57039578e+00 -8.97542925e-03 
 2.63026799e+00 -9.18449383e-03 
 2.69153480e+00 -9.39842815e-03 
 2.75422870e+00 -9.61734564e-03 
 2.81838293e+00 -9.84136237e-03 
 2.88403150e+00 -1.00705971e-02 
 2.95120923e+00 -1.03051714e-02 
 3.01995172e+00 -1.05452097e-02 
 3.09029543e+00 -1.07908391e-02 
 3.16227766e+00 -1.10421900e-02 
 3.23593657e+00 -1.12993956e-02 
 3.31131121e+00 -1.15625923e-02 
 3.38844156e+00 -1.18319196e-02 
 3.46736850e+00 -1.21075204e-02 
 3.54813389e+00 -1.23895407e-02 
 3.63078055e+00 -1.26781301e-02 
 3.71535229e+00 -1.29734416e-02 
 3.80189396e+00 -1.32756318e-02 
 3.89045145e+00 -1.35848609e-02 
 3.98107171e+00 -1.39012929e-02 
 4.07380278e+00 -1.42250955e-02 
 4.16869383e+00 -1.45564405e-02 
 4.26579519e+00 -1.48955034e-02 
 4.36515832e+00 -1.52424642e-02 
 4.46683592e+00 -1.55975067e-02 
 4.57088190e+00 -1.59608191e-02 
 4.67735141e+00 -1.63325942e-02 
 4.78630092e+00 -1.67130291e-02 
 4.89778819e+00 -1.71023254e-02 
 5.01187234e+00 -1.75006896e-02 
 5.12861384e+00 -1.79083328e-02 
 5.24807460e+00 -1.83254713e-02 
 5.37031796e+00 -1.87523262e-02 
 5.49540874e+00 -1.91891237e-02 
 5.62341325e+00 -1.96360956e-02 
 5.75439937e+00 -2.00934788e-02 
 5.88843655e+00 -2.05615158e-02 
 6.02559586e+00 -2.10404547e-02 
 6.16595002e+00 -2.15305496e-02 
 6.30957344e+00 -2.20320602e-02 
 6.45654229e+00 -2.25452524e-02 
 6.60693448e+00 -2.30703984e-02 
 6.76082975e+00 -2.36077767e-02 
 6.91830971e+00 -2.41576720e-02 
 7.07945784e+00 -2.47203760e-02 
 7.24435960e+00 -2.52961870e-02 
 7.41310241e+00 -2.58854104e-02 
 7.58577575e+00 -2.64883585e-02 
 7.76247117e+00 -2.71053510e-02 
 7.94328235e+00 -2.77367151e-02 
 8.12830516e+00 -2.83827855e-02 
 8.31763771e+00 -2.90439048e-02 
 8.51138038e+00 -2.97204235e-02 
 8.70963590e+00 -3.04127002e-02 
 8.91250938e+00 -3.11211021e-02 
 9.12010839e+00 -3.18460047e-02 
 9.33254301e+00 -3.25877925e-02 
 9.54992586e+00 -3.33468585e-02 
 9.77237221e+00 -3.41236055e-02 
 1.00000000e+01 -3.49184451e-02 
 1.02329299e+01 -3.57317988e-02 
 1.04712855e+01 -3.65640979e-02 
 1.07151931e+01 -3.74157836e-02 
 1.09647820e+01 -3.82873075e-02 
 1.12201845e+01 -3.91791317e-02 
 1.14815362e+01 -4.00917290e-02 
 1.17489755e+01 -4.10255833e-02 
 1.20226443e+01 -4.19811898e-02 
 1.23026877e+01 -4.29590550e-02 
 1.25892541e+01 -4.39596975e-02 
 1.28824955e+01 -4.49836477e-02 
 1.31825674e+01 -4.60314487e-02 
 1.34896288e+01 -4.71036558e-02 
 1.38038426e+01 -4.82008377e-02 
 1.41253754e+01 -4.93235760e-02 
 1.44543977e+01 -5.04724660e-02 
 1.47910839e+01 -5.16481169e-02 
 1.51356125e+01 -5.28511519e-02 
 1.54881662e+01 -5.40822089e-02 
 1.58489319e+01 -5.53419406e-02 
 1.62181010e+01 -5.66310149e-02 
 1.65958691e+01 -5.79501153e-02 
 1.69824365e+01 -5.92999411e-02 
 1.73780083e+01 -6.06812080e-02 
 1.77827941e+01 -6.20946484e-02 
 1.81970086e+01 -6.35410115e-02 
 1.86208714e+01 -6.50210643e-02 
 1.90546072e+01 -6.65355915e-02 
 1.94984460e+01 -6.80853961e-02 
 1.99526231e+01 -6.96712996e-02 
 2.04173794e+01 -7.12941431e-02 
 2.08929613e+01 -7.29547868e-02 
 2.13796209e+01 -7.46541112e-02 
 2.18776162e+01 -7.63930172e-02 
 2.23872114e+01 -7.81724269e-02 
 2.29086765e+01 -7.99932835e-02 
 2.34422882e+01 -8.18565525e-02 
 2.39883292e+01 -8.37632218e-02 
 2.45470892e+01 -8.57143021e-02 
 2.51188643e+01 -8.77108280e-02 
 2.57039578e+01 -8.97538579e-02 
 2.63026799e+01 -9.18444751e-02 
 2.69153480e+01 -9.39837878e-02 
 2.75422870e+01 -9.61729303e-02 
 2.81838293e+01 -9.84130632e-02 
 2.88403150e+01 -1.00705374e-01 
 2.95120923e+01 -1.03051079e-01 
 3.01995172e+01 -1.05451420e-01 
 3.09029543e+01 -1.07907671e-01 
 3.16227766e+01 -1.10421134e-01 
 3.23593657e+01 -1.12993141e-01 
 3.31131121e+01 -1.15625056e-01 
 3.38844156e+01 -1.18318274e-01 
 3.46736850e+01 -1.21074224e-01 
 3.54813389e+01 -1.23894366e-01 
 3.63078055e+01 -1.26780195e-01 
 3.71535229e+01 -1.29733242e-01 
 3.80189396e+01 -1.32755072e-01 
 3.89045145e+01 -1.35847286e-01 
 3.98107171e+01 -1.39011525e-01 
 4.07380278e+01 -1.42249466e-01 
 4.16869383e+01 -1.45562826e-01 
 4.26579519e+01 -1.48953361e-01 
 4.36515832e+01 -1.52422869e-01 
 4.46683592e+01 -1.55973188e-01 
 4.57088190e+01 -1.59606203e-01 
 4.67735141e+01 -1.63323837e-01 
 4.78630092e+01 -1.67128063e-01 
 4.89778819e+01 -1.71020898e-01 
 5.01187234e+01 -1.75004404e-01 
 5.12861384e+01 -1.79080695e-01 
 5.24807460e+01 -1.83251930e-01 
 5.37031796e+01 -1.87520322e-01 
 5.49540874e+01 -1.91888133e-01 
 5.62341325e+01 -1.96357680e-01 
 5.75439937e+01 -2.00931331e-01 
 5.88843655e+01 -2.05611511e-01 
 6.02559586e+01 -2.10400702e-01 
 6.16595002e+01 -2.15301443e-01 
 6.30957344e+01 -2.20316331e-01 
 6.45654229e+01 -2.25448026e-01 
 6.60693448e+01 -2.30699247e-01 
 6.76082975e+01 -2.36072780e-01 
 6.91830971e+01 -2.41571472e-01 
 7.07945784e+01 -2.47198238e-01 
 7.24435960e+01 -2.52956063e-01 
 7.41310241e+01 -2.58847998e-01 
 7.58577575e+01 -2.64877166e-01 
 7.76247117e+01 -2.71046765e-01 
 7.94328235e+01 -2.77360064e-01 
 8.12830516e+01 -2.83820411e-01 
 8.31763771e+01 -2.90431230e-01 
 8.51138038e+01 -2.97196026e-01 
 8.70963590e+01 -3.04118385e-01 
 8.91250938e+01 -3.11201976e-01 
 9.12010839e+01 -3.18450555e-01 
 9.33254301e+01 -3.25867965e-01 
 9.54992586e+01 -3.33458137e-01 
 9.77237221e+01 -3.41225094e-01 
 1.00000000e+02 -3.49172954e-01 
 1.02329299e+02 -3.57305930e-01 
 1.04712855e+02 -3.65628332e-01 
 1.07151931e+02 -3.74144573e-01 
 1.09647820e+02 -3.82859166e-01 
 1.12201845e+02 -3.91776731e-01 
 1.14815362e+02 -4.00901994e-01 
 1.17489755e+02 -4.10239791e-01 
 1.20226443e+02 -4.19795073e-01 
 1.23026877e+02 -4.29572903e-01 
 1.25892541e+02 -4.39578464e-01 
 1.28824955e+02 -4.49817059e-01 
 1.31825674e+02 -4.60294113e-01 
 1.34896288e+02 -4.71015180e-01 
 1.38038426e+02 -4.81985941e-01 
 1.41253754e+02 -4.93212210e-01 
 1.44543977e+02 -5.04699936e-01 
 1.47910839e+02 -5.16455207e-01 
 1.51356125e+02 -5.28484251e-01 
 1.54881662e+02 -5.40793444e-01 
 1.58489319e+02 -5.53389306e-01 
 1.62181010e+02 -5.66278513e-01 
 1.65958691e+02 -5.79467893e-01 
 1.69824365e+02 -5.92964434e-01 
 1.73780083e+02 -6.06775287e-01 
 1.77827941e+02 -6.20907769e-01 
 1.81970086e+02 -6.35369365e-01 
 1.86208714e+02 -6.50167738e-01 
 1.90546072e+02 -6.65310725e-01 
 1.94984460e+02 -6.80806349e-01 
 1.99526231e+02 -6.96662816e-01 
 2.04173794e+02 -7.12888524e-01 
 2.08929613e+02 -7.29492068e-01 
 2.13796209e+02 -7.46482239e-01 
 2.18776162e+02 -7.63868036e-01 
 2.23872114e+02 -7.81658664e-01 
 2.29086765e+02 -7.99863542e-01 
 2.34422882e+02 -8.18492311e-01 
 2.39883292e+02 -8.37554831e-01 
 2.45470892e+02 -8.57061195e-01 
 2.51188643e+02 -8.77021727e-01 
 2.57039578e+02 -8.97446993e-01 
 2.63026799e+02 -9.18347803e-01 
 2.69153480e+02 -9.39735218e-01 
 2.75422870e+02 -9.61620555e-01 
 2.81838293e+02 -9.84015394e-01 
 2.88403150e+02 -1.00693158e+00 
 2.95120923e+02 -1.03038125e+00 
 3.01995172e+02 -1.05437678e+00 
 3.09029543e+02 -1.07893089e+00 
 3.16227766e+02 -1.10405655e+00 
 3.23593657e+02 -1.12976704e+00 
 3.31131121e+02 -1.15607597e+00 
 3.38844156e+02 -1.18299723e+00 
 3.46736850e+02 -1.21054506e+00 
 3.54813389e+02 -1.23873402e+00 
 3.63078055e+02 -1.26757899e+00 
 3.71535229e+02 -1.29709522e+00 
 3.80189396e+02 -1.32729830e+00 
 3.89045145e+02 -1.35820418e+00 
 3.98107171e+02 -1.38982918e+00 
 4.07380278e+02 -1.42218999e+00 
 4.16869383e+02 -1.45530369e+00 
 4.26579519e+02 -1.48918776e+00 
 4.36515832e+02 -1.52386007e+00 
 4.46683592e+02 -1.55933891e+00 
 4.57088190e+02 -1.59564298e+00 
 4.67735141e+02 -1.63279144e+00 
 4.78630092e+02 -1.67080385e+00 
 4.89778819e+02 -1.70970024e+00 
 5.01187234e+02 -1.74950110e+00 
 5.12861384e+02 -1.79022739e+00 
 5.24807460e+02 -1.83190054e+00 
 5.37031796e+02 -1.87454249e+00 
 5.49540874e+02 -1.91817566e+00 
 5.62341325e+02 -1.96282300e+00 
 5.75439937e+02 -2.00850797e+00 
 5.88843655e+02 -2.05525458e+00 
 6.02559586e+02 -2.10308738e+00 
 6.16595002e+02 -2.15203148e+00 
 6.30957344e+02 -2.20211255e+00 
 6.45654229e+02 -2.25335686e+00 
 6.60693448e+02 -2.30579127e+00 
 6.76082975e+02 -2.35944325e+00 
 6.91830971e+02 -2.41434090e+00 
 7.07945784e+02 -2.47051292e+00 
 7.24435960e+02 -2.52798871e+00 
 7.41310241e+02 -2.58679829e+00 
 7.58577575e+02 -2.64697239e+00 
 7.76247117e+02 -2.70854239e+00 
 7.94328235e+02 -2.77154041e+00 
 8.12830516e+02 -2.83599927e+00 
 8.31763771e+02 -2.90195254e+00 
 8.51138038e+02 -2.96943452e+00 
 8.70963590e+02 -3.03848027e+00 
 8.91250938e+02 -3.10912566e+00 
 9.12010839e+02 -3.18140732e+00 
 9.33254301e+02 -3.25536271e+00 
 9.54992586e+02 -3.33103011e+00 
 9.77237221e+02 -3.40844864e+00 
 1.00000000e+03 -3.48765827e+00 
 1.02329299e+03 -3.56869986e+00 
 1.04712855e+03 -3.65161515e+00 
 1.07151931e+03 -3.73644679e+00 
 1.09647820e+03 -3.82323834e+00 
 1.12201845e+03 -3.91203433e+00 
 1.14815362e+03 -4.00288021e+00 
 1.17489755e+03 -4.09582243e+00 
 1.20226443e+03 -4.19090840e+00 
 1.23026877e+03 -4.28818658e+00 
 1.25892541e+03 -4.38770640e+00 
 1.28824955e+03 -4.48951837e+00 
 1.31825674e+03 -4.59367403e+00 
 1.34896288e+03 -4.70022601e+00 
 1.38038426e+03 -4.80922800e+00 
 1.41253754e+03 -4.92073483e+00 
 1.44543977e+03 -5.03480240e+00 
 1.47910839e+03 -5.15148779e+00 
 1.51356125e+03 -5.27084920e+00 
 1.54881662e+03 -5.39294599e+00 
 1.58489319e+03 -5.51783870e+00 
 1.62181010e+03 -5.64558907e+00 
 1.65958691e+03 -5.77626002e+00 
 1.69824365e+03 -5.90991570e+00 
 1.73780083e+03 -6.04662146e+00 
 1.77827941e+03 -6.18644390e+00 
 1.81970086e+03 -6.32945086e+00 
 1.86208714e+03 -6.47571141e+00 
 1.90546072e+03 -6.62529590e+00 
 1.94984460e+03 -6.77827593e+00 
 1.99526231e+03 -6.93472435e+00 
 2.04173794e+03 -7.09471530e+00 
 2.08929613e+03 -7.25832416e+00 
 2.13796209e+03 -7.42562759e+00 
 2.18776162e+03 -7.59670351e+00 
 2.23872114e+03 -7.77163108e+00 
 2.29086765e+03 -7.95049073e+00 
 2.34422882e+03 -8.13336410e+00 
 2.39883292e+03 -8.32033408e+00 
 2.45470892e+03 -8.51148473e+00 
 2.51188643e+03 -8.70690131e+00 
 2.57039578e+03 -8.90667026e+00 
 2.63026799e+03 -9.11087913e+00 
 2.69153480e+03 -9.31961658e+00 
 2.75422870e+03 -9.53297235e+00 
 2.81838293e+03 -9.75103719e+00 
 2.88403150e+03 -9.97390284e+00 
 2.95120923e+03 -1.02016620e+01 
 3.01995172e+03 -1.04344082e+01 
 3.09029543e+03 -1.06722359e+01 
 3.16227766e+03 -1.09152401e+01 
 3.23593657e+03 -1.11635168e+01 
 3.31131121e+03 -1.14171622e+01 
 3.38844156e+03 -1.16762734e+01 
 3.46736850e+03 -1.19409478e+01 
 3.54813389e+03 -1.22112829e+01 
 3.63078055e+03 -1.24873767e+01 
 3.71535229e+03 -1.27693272e+01 
 3.80189396e+03 -1.30572323e+01 
 3.89045145e+03 -1.33511898e+01 
 3.98107171e+03 -1.36512972e+01 
 4.07380278e+03 -1.39576515e+01 
 4.16869383e+03 -1.42703489e+01 
 4.26579519e+03 -1.45894852e+01 
 4.36515832e+03 -1.49151547e+01 
 4.46683592e+03 -1.52474508e+01 
 4.57088190e+03 -1.55864655e+01 
 4.67735141e+03 -1.59322890e+01 
 4.78630092e+03 -1.62850098e+01 
 4.89778819e+03 -1.66447141e+01 
 5.01187234e+03 -1.70114859e+01 
 5.12861384e+03 -1.73854065e+01 
 5.24807460e+03 -1.77665542e+01 
 5.37031796e+03 -1.81550042e+01 
 5.49540874e+03 -1.85508281e+01 
 5.62341325e+03 -1.89540936e+01 
 5.75439937e+03 -1.93648643e+01 
 5.88843655e+03 -1.97831993e+01 
 6.02559586e+03 -2.02091528e+01 
 6.16595002e+03 -2.06427738e+01 
 6.30957344e+03 -2.10841057e+01 
 6.45654229e+03 -2.15331860e+01 
 6.60693448e+03 -2.19900456e+01 
 6.76082975e+03 -2.24547090e+01 
 6.91830971e+03 -2.29271934e+01 
 7.07945784e+03 -2.34075086e+01 
 7.24435960e+03 -2.38956564e+01 
 7.41310241e+03 -2.43916303e+01 
 7.58577575e+03 -2.48954152e+01 
 7.76247117e+03 -2.54069870e+01 
 7.94328235e+03 -2.59263121e+01 
 8.12830516e+03 -2.64533473e+01 
 8.31763771e+03 -2.69880389e+01 
 8.51138038e+03 -2.75303233e+01 
 8.70963590e+03 -2.80801257e+01 
 8.91250938e+03 -2.86373607e+01 
 9.12010839e+03 -2.92019313e+01 
 9.33254301e+03 -2.97737292e+01 
 9.54992586e+03 -3.03526344e+01 
 9.77237221e+03 -3.09385150e+01 
 1.00000000e+04 -3.15312274e+01 
 1.02329299e+04 -3.21306157e+01 
 1.04712855e+04 -3.27365122e+01 
 1.07151931e+04 -3.33487370e+01 
 1.09647820e+04 -3.39670983e+01 
 1.12201845e+04 -3.45913927e+01 
 1.14815362e+04 -3.52214049e+01 
 1.17489755e+04 -3.58569083e+01 
 1.20226443e+04 -3.64976652e+01 
 1.23026877e+04 -3.71434273e+01 
 1.25892541e+04 -3.77939355e+01 
 1.28824955e+04 -3.84489213e+01 
 1.31825674e+04 -3.91081065e+01 
 1.34896288e+04 -3.97712042e+01 
 1.38038426e+04 -4.04379192e+01 
 1.41253754e+04 -4.11079491e+01 
 1.44543977e+04 -4.17809843e+01 
 1.47910839e+04 -4.24567094e+01 
 1.51356125e+04 -4.31348037e+01 
 1.54881662e+04 -4.38149421e+01 
 1.58489319e+04 -4.44967961e+01 
 1.62181010e+04 -4.51800343e+01 
 1.65958691e+04 -4.58643237e+01 
 1.69824365e+04 -4.65493307e+01 
 1.73780083e+04 -4.72347214e+01 
 1.77827941e+04 -4.79201632e+01 
 1.81970086e+04 -4.86053256e+01 
 1.86208714e+04 -4.92898808e+01 
 1.90546072e+04 -4.99735047e+01 
 1.94984460e+04 -5.06558783e+01 
 1.99526231e+04 -5.13366876e+01 
 2.04173794e+04 -5.20156253e+01 
 2.08929613e+04 -5.26923911e+01 
 2.13796209e+04 -5.33666926e+01 
 2.18776162e+04 -5.40382459e+01 
 2.23872114e+04 -5.47067765e+01 
 2.29086765e+04 -5.53720194e+01 
 2.34422882e+04 -5.60337202e+01 
 2.39883292e+04 -5.66916352e+01 
 2.45470892e+04 -5.73455320e+01 
 2.51188643e+04 -5.79951898e+01 
 2.57039578e+04 -5.86403998e+01 
 2.63026799e+04 -5.92809654e+01 
 2.69153480e+04 -5.99167024e+01 
 2.75422870e+04 -6.05474391e+01 
 2.81838293e+04 -6.11730165e+01 
 2.88403150e+04 -6.17932884e+01 
 2.95120923e+04 -6.24081209e+01 
 3.01995172e+04 -6.30173933e+01 
 3.09029543e+04 -6.36209971e+01 
 3.16227766e+04 -6.42188361e+01 
 3.23593657e+04 -6.48108266e+01 
 3.31131121e+04 -6.53968967e+01 
 3.38844156e+04 -6.59769865e+01 
 3.46736850e+04 -6.65510475e+01 
 3.54813389e+04 -6.71190424e+01 
 3.63078055e+04 -6.76809448e+01 
 3.71535229e+04 -6.82367389e+01 
 3.80189396e+04 -6.87864192e+01 
 3.89045145e+04 -6.93299901e+01 
 3.98107171e+04 -6.98674653e+01 
 4.07380278e+04 -7.03988678e+01 
 4.16869383e+04 -7.09242294e+01 
 4.26579519e+04 -7.14435902e+01 
 4.36515832e+04 -7.19569982e+01 
 4.46683592e+04 -7.24645093e+01 
 4.57088190e+04 -7.29661862e+01 
 4.67735141e+04 -7.34620990e+01 
 4.78630092e+04 -7.39523237e+01 
 4.89778819e+04 -7.44369430e+01 
 5.01187234e+04 -7.49160451e+01 
 5.12861384e+04 -7.53897236e+01 
 5.24807460e+04 -7.58580774e+01 
 5.37031796e+04 -7.63212101e+01 
 5.49540874e+04 -7.67792298e+01 
 5.62341325e+04 -7.72322487e+01 
 5.75439937e+04 -7.76803831e+01 
 5.88843655e+04 -7.81237528e+01 
 6.02559586e+04 -7.85624810e+01 
 6.16595002e+04 -7.89966939e+01 
 6.30957344e+04 -7.94265207e+01 
 6.45654229e+04 -7.98520931e+01 
 6.60693448e+04 -8.02735455e+01 
 6.76082975e+04 -8.06910141e+01 
 6.91830971e+04 -8.11046373e+01 
 7.07945784e+04 -8.15145554e+01 
 7.24435960e+04 -8.19209102e+01 
 7.41310241e+04 -8.23238449e+01 
 7.58577575e+04 -8.27235042e+01 
 7.76247117e+04 -8.31200336e+01 
 7.94328235e+04 -8.35135800e+01 
 8.12830516e+04 -8.39042908e+01 
 8.31763771e+04 -8.42923142e+01 
 8.51138038e+04 -8.46777989e+01 
 8.70963590e+04 -8.50608942e+01 
 8.91250938e+04 -8.54417497e+01 
 9.12010839e+04 -8.58205150e+01 
 9.33254301e+04 -8.61973399e+01 
 9.54992586e+04 -8.65723743e+01 
 9.77237221e+04 -8.69457678e+01 
 1.00000000e+05 -8.73176698e+01 
 1.02329299e+05 -8.76882293e+01 
 1.04712855e+05 -8.80575951e+01 
 1.07151931e+05 -8.84259151e+01 
 1.09647820e+05 -8.87933368e+01 
 1.12201845e+05 -8.91600069e+01 
 1.14815362e+05 -8.95260712e+01 
 1.17489755e+05 -8.98916747e+01 
 1.20226443e+05 -9.02569610e+01 
 1.23026877e+05 -9.06220731e+01 
 1.25892541e+05 -9.09871522e+01 
 1.28824955e+05 -9.13523386e+01 
 1.31825674e+05 -9.17177708e+01 
 1.34896288e+05 -9.20835860e+01 
 1.38038426e+05 -9.24499195e+01 
 1.41253754e+05 -9.28169051e+01 
 1.44543977e+05 -9.31846747e+01 
 1.47910839e+05 -9.35533580e+01 
 1.51356125e+05 -9.39230830e+01 
 1.54881662e+05 -9.42939752e+01 
 1.58489319e+05 -9.46661581e+01 
 1.62181010e+05 -9.50397528e+01 
 1.65958691e+05 -9.54148781e+01 
 1.69824365e+05 -9.57916501e+01 
 1.73780083e+05 -9.61701824e+01 
 1.77827941e+05 -9.65505863e+01 
 1.81970086e+05 -9.69329700e+01 
 1.86208714e+05 -9.73174393e+01 
 1.90546072e+05 -9.77040973e+01 
 1.94984460e+05 -9.80930443e+01 
 1.99526231e+05 -9.84843779e+01 
 2.04173794e+05 -9.88781930e+01 
 2.08929613e+05 -9.92745819e+01 
 2.13796209e+05 -9.96736343e+01 
 2.18776162e+05 -1.00075437e+02 
 2.23872114e+05 -1.00480076e+02 
 2.29086765e+05 -1.00887632e+02 
 2.34422882e+05 -1.01298186e+02 
 2.39883292e+05 -1.01711816e+02 
 2.45470892e+05 -1.02128597e+02 
 2.51188643e+05 -1.02548603e+02 
 2.57039578e+05 -1.02971906e+02 
 2.63026799e+05 -1.03398576e+02 
 2.69153480e+05 -1.03828680e+02 
 2.75422870e+05 -1.04262284e+02 
 2.81838293e+05 -1.04699453e+02 
 2.88403150e+05 -1.05140247e+02 
 2.95120923e+05 -1.05584726e+02 
 3.01995172e+05 -1.06032946e+02 
 3.09029543e+05 -1.06484961e+02 
 3.16227766e+05 -1.06940819e+02 
 3.23593657e+05 -1.07400568e+02 
 3.31131121e+05 -1.07864247e+02 
 3.38844156e+05 -1.08331894e+02 
 3.46736850e+05 -1.08803538e+02 
 3.54813389e+05 -1.09279203e+02 
 3.63078055e+05 -1.09758906e+02 
 3.71535229e+05 -1.10242654e+02 
 3.80189396e+05 -1.10730448e+02 
 3.89045145e+05 -1.11222276e+02 
 3.98107171e+05 -1.11718119e+02 
 4.07380278e+05 -1.12217944e+02 
 4.16869383e+05 -1.12721709e+02 
 4.26579519e+05 -1.13229357e+02 
 4.36515832e+05 -1.13740819e+02 
 4.46683592e+05 -1.14256014e+02 
 4.57088190e+05 -1.14774845e+02 
 4.67735141e+05 -1.15297200e+02 
 4.78630092e+05 -1.15822955e+02 
 4.89778819e+05 -1.16351968e+02 
 5.01187234e+05 -1.16884082e+02 
 5.12861384e+05 -1.17419125e+02 
 5.24807460e+05 -1.17956906e+02 
 5.37031796e+05 -1.18497219e+02 
 5.49540874e+05 -1.19039840e+02 
 5.62341325e+05 -1.19584525e+02 
 5.75439937e+05 -1.20131012e+02 
 5.88843655e+05 -1.20679018e+02 
 6.02559586e+05 -1.21228237e+02 
 6.16595002e+05 -1.21778343e+02 
 6.30957344e+05 -1.22328982e+02 
 6.45654229e+05 -1.22879773e+02 
 6.60693448e+05 -1.23430309e+02 
 6.76082975e+05 -1.23980147e+02 
 6.91830971e+05 -1.24528809e+02 
 7.07945784e+05 -1.25075778e+02 
 7.24435960e+05 -1.25620493e+02 
 7.41310241e+05 -1.26162343e+02 
 7.58577575e+05 -1.26700661e+02 
 7.76247117e+05 -1.27234716e+02 
 7.94328235e+05 -1.27763707e+02 
 8.12830516e+05 -1.28286750e+02 
 8.31763771e+05 -1.28802866e+02 
 8.51138038e+05 -1.29310968e+02 
 8.70963590e+05 -1.29809844e+02 
 8.91250938e+05 -1.30298137e+02 
 9.12010839e+05 -1.30774315e+02 
 9.33254301e+05 -1.31236649e+02 
 9.54992586e+05 -1.31683171e+02 
 9.77237221e+05 -1.32111629e+02 
 1.00000000e+06 -1.32519431e+02 
 1.02329299e+06 -1.32903576e+02 
 1.04712855e+06 -1.33260565e+02 
 1.07151931e+06 -1.33586284e+02 
 1.09647820e+06 -1.33875864e+02 
 1.12201845e+06 -1.34123488e+02 
 1.14815362e+06 -1.34322144e+02 
 1.17489755e+06 -1.34463296e+02 
 1.20226443e+06 -1.34536434e+02 
 1.23026877e+06 -1.34528469e+02 
 1.25892541e+06 -1.34422882e+02 
 1.28824955e+06 -1.34198532e+02 
 1.31825674e+06 -1.33827923e+02 
 1.34896288e+06 -1.33274682e+02 
 1.38038426e+06 -1.32489750e+02 
 1.41253754e+06 -1.31405551e+02 
 1.44543977e+06 -1.29926844e+02 
 1.47910839e+06 -1.27916062e+02 
 1.51356125e+06 -1.25169562e+02 
 1.54881662e+06 -1.21379437e+02 
 1.58489319e+06 -1.16076110e+02 
 1.62181010e+06 -1.08563089e+02 
 1.65958691e+06 -9.79373178e+01 
 1.69824365e+06 -8.35272739e+01 
 1.73780083e+06 -6.61400495e+01 
 1.77827941e+06 -4.87868262e+01 
 1.81970086e+06 -3.44441661e+01 
 1.86208714e+06 -2.38716140e+01 
 1.90546072e+06 -1.63821653e+01 
 1.94984460e+06 -1.10750552e+01 
 1.99526231e+06 -7.25915382e+00 
 2.04173794e+06 -4.46911044e+00 
 2.08929613e+06 -2.39980190e+00 
 2.13796209e+06 -8.49339058e-01 
 2.18776162e+06  3.18740429e-01 
 2.23872114e+06  1.19897859e+00 
 2.29086765e+06  1.85850001e+00 
 2.34422882e+06  2.34607370e+00 
 2.39883292e+06  2.69789026e+00 
 2.45470892e+06  2.94132824e+00 
 2.51188643e+06  3.09746496e+00 
 2.57039578e+06  3.18278632e+00 
 2.63026799e+06  3.21037446e+00 
 2.69153480e+06  3.19074819e+00 
 2.75422870e+06  3.13246753e+00 
 2.81838293e+06  3.04257560e+00 
 2.88403150e+06  2.92692598e+00 
 2.95120923e+06  2.79042845e+00 
 3.01995172e+06  2.63723559e+00 
 3.09029543e+06  2.47088603e+00 
 3.16227766e+06  2.29441543e+00 
 3.23593657e+06  2.11044327e+00 
 3.31131121e+06  1.92124121e+00 
 3.38844156e+06  1.72878747e+00 
 3.46736850e+06  1.53481025e+00 
 3.54813389e+06  1.34082268e+00 
 3.63078055e+06  1.14815121e+00 
 3.71535229e+06  9.57958711e-01 
 3.80189396e+06  7.71263515e-01 
 3.89045145e+06  5.88955110e-01 
 3.98107171e+06  4.11807289e-01 
 4.07380278e+06  2.40489213e-01 
 4.16869383e+06  7.55748329e-02 
 4.26579519e+06 -8.24489981e-02 
 4.36515832e+06 -2.33175436e-01 
 4.46683592e+06 -3.76271380e-01 
 4.57088190e+06 -5.11471842e-01 
 4.67735141e+06 -6.38574819e-01 
 4.78630092e+06 -7.57436559e-01 
 4.89778819e+06 -8.67967126e-01 
 5.01187234e+06 -9.70126212e-01 
 5.12861384e+06 -1.06391913e+00 
 5.24807460e+06 -1.14939297e+00 
 5.37031796e+06 -1.22663287e+00 
 5.49540874e+06 -1.29575841e+00 
 5.62341325e+06 -1.35692011e+00 
 5.75439937e+06 -1.41029602e+00 
 5.88843655e+06 -1.45608843e+00 
 6.02559586e+06 -1.49452067e+00 
 6.16595002e+06 -1.52583406e+00 
 6.30957344e+06 -1.55028493e+00 
 6.45654229e+06 -1.56814186e+00 
 6.60693448e+06 -1.57968297e+00 
 6.76082975e+06 -1.58519345e+00 
 6.91830971e+06 -1.58496323e+00 
 7.07945784e+06 -1.57928476e+00 
 7.24435960e+06 -1.56845108e+00 
 7.41310241e+06 -1.55275394e+00 
 7.58577575e+06 -1.53248223e+00 
 7.76247117e+06 -1.50792049e+00 
 7.94328235e+06 -1.47934765e+00 
 8.12830516e+06 -1.44703591e+00 
 8.31763771e+06 -1.41124985e+00 
 8.51138038e+06 -1.37224560e+00 
 8.70963590e+06 -1.33027028e+00 
 8.91250938e+06 -1.28556150e+00 
 9.12010839e+06 -1.23834703e+00 
 9.33254301e+06 -1.18884457e+00 
 9.54992586e+06 -1.13726170e+00 
 9.77237221e+06 -1.08379580e+00 
 1.00000000e+07 -1.02863423e+00 
 1.02329299e+07 -9.71954449e-01 
 1.04712855e+07 -9.13924285e-01 
 1.07151931e+07 -8.54702223e-01 
 1.09647820e+07 -7.94437770e-01 
 1.12201845e+07 -7.33271844e-01 
 1.14815362e+07 -6.71337200e-01 
 1.17489755e+07 -6.08758883e-01 
 1.20226443e+07 -5.45654690e-01 
 1.23026877e+07 -4.82135651e-01 
 1.25892541e+07 -4.18306506e-01 
 1.28824955e+07 -3.54266184e-01 
 1.31825674e+07 -2.90108277e-01 
 1.34896288e+07 -2.25921496e-01 
 1.38038426e+07 -1.61790123e-01 
 1.41253754e+07 -9.77944349e-02 
 1.44543977e+07 -3.40111135e-02 
 1.47910839e+07  2.94863700e-02 
 1.51356125e+07  9.26273959e-02 
 1.54881662e+07  1.55343862e-01 
 1.58489319e+07  2.17569880e-01 
 1.62181010e+07  2.79241497e-01 
 1.65958691e+07  3.40296449e-01 
 1.69824365e+07  4.00673948e-01 
 1.73780083e+07  4.60314490e-01 
 1.77827941e+07  5.19159702e-01 
 1.81970086e+07  5.77152216e-01 
 1.86208714e+07  6.34235574e-01 
 1.90546072e+07  6.90354159e-01 
 1.94984460e+07  7.45453159e-01 
 1.99526231e+07  7.99478555e-01 
 2.04173794e+07  8.52377141e-01 
 2.08929613e+07  9.04096562e-01 
 2.13796209e+07  9.54585383e-01 
 2.18776162e+07  1.00379318e+00 
 2.23872114e+07  1.05167064e+00 
 2.29086765e+07  1.09816971e+00 
 2.34422882e+07  1.14324372e+00 
 2.39883292e+07  1.18684757e+00 
 2.45470892e+07  1.22893788e+00 
 2.51188643e+07  1.26947317e+00 
 2.57039578e+07  1.30841411e+00 
 2.63026799e+07  1.34572364e+00 
 2.69153480e+07  1.38136723e+00 
 2.75422870e+07  1.41531304e+00 
 2.81838293e+07  1.44753215e+00 
 2.88403150e+07  1.47799873e+00 
 2.95120923e+07  1.50669023e+00 
 3.01995172e+07  1.53358757e+00 
 3.09029543e+07  1.55867528e+00 
 3.16227766e+07  1.58194164e+00 
 3.23593657e+07  1.60337883e+00 
 3.31131121e+07  1.62298301e+00 
 3.38844156e+07  1.64075443e+00 
 3.46736850e+07  1.65669748e+00 
 3.54813389e+07  1.67082071e+00 
 3.63078055e+07  1.68313689e+00 
 3.71535229e+07  1.69366292e+00 
 3.80189396e+07  1.70241989e+00 
 3.89045145e+07  1.70943292e+00 
 3.98107171e+07  1.71473112e+00 
 4.07380278e+07  1.71834747e+00 
 4.16869383e+07  1.72031866e+00 
 4.26579519e+07  1.72068494e+00 
 4.36515832e+07  1.71948995e+00 
 4.46683592e+07  1.71678049e+00 
 4.57088190e+07  1.71260629e+00 
 4.67735141e+07  1.70701983e+00 
 4.78630092e+07  1.70007601e+00 
 4.89778819e+07  1.69183197e+00 
 5.01187234e+07  1.68234674e+00 
 5.12861384e+07  1.67168103e+00 
 5.24807460e+07  1.65989691e+00 
 5.37031796e+07  1.64705754e+00 
 5.49540874e+07  1.63322687e+00 
 5.62341325e+07  1.61846942e+00 
 5.75439937e+07  1.60284990e+00 
 5.88843655e+07  1.58643305e+00 
 6.02559586e+07  1.56928331e+00 
 6.16595002e+07  1.55146459e+00 
 6.30957344e+07  1.53304002e+00 
 6.45654229e+07  1.51407175e+00 
 6.60693448e+07  1.49462070e+00 
 6.76082975e+07  1.47474638e+00 
 6.91830971e+07  1.45450671e+00 
 7.07945784e+07  1.43395783e+00 
 7.24435960e+07  1.41315396e+00 
 7.41310241e+07  1.39214726e+00 
 7.58577575e+07  1.37098774e+00 
 7.76247117e+07  1.34972309e+00 
 7.94328235e+07  1.32839866e+00 
 8.12830516e+07  1.30705736e+00 
 8.31763771e+07  1.28573961e+00 
 8.51138038e+07  1.26448330e+00 
 8.70963590e+07  1.24332379e+00 
 8.91250938e+07  1.22229386e+00 
 9.12010839e+07  1.20142376e+00 
 9.33254301e+07  1.18074120e+00 
 9.54992586e+07  1.16027139e+00 
 9.77237221e+07  1.14003713e+00 
 1.00000000e+08  1.12005876e+00 
 1.02329299e+08  1.10035435e+00 
 1.04712855e+08  1.08093968e+00 
 1.07151931e+08  1.06182836e+00 
 1.09647820e+08  1.04303193e+00 
 1.12201845e+08  1.02455995e+00 
 1.14815362e+08  1.00642005e+00 
 1.17489755e+08  9.88618124e-01 
 1.20226443e+08  9.71158361e-01 
 1.23026877e+08  9.54043394e-01 
 1.25892541e+08  9.37274396e-01 
 1.28824955e+08  9.20851195e-01 
 1.31825674e+08  9.04772384e-01 
 1.34896288e+08  8.89035430e-01 
 1.38038426e+08  8.73636782e-01 
 1.41253754e+08  8.58571972e-01 
 1.44543977e+08  8.43835724e-01 
 1.47910839e+08  8.29422045e-01 
 1.51356125e+08  8.15324324e-01 
 1.54881662e+08  8.01535419e-01 
 1.58489319e+08  7.88047745e-01 
 1.62181010e+08  7.74853353e-01 
 1.65958691e+08  7.61944008e-01 
 1.69824365e+08  7.49311257e-01 
 1.73780083e+08  7.36946498e-01 
 1.77827941e+08  7.24841038e-01 
 1.81970086e+08  7.12986150e-01 
 1.86208714e+08  7.01373125e-01 
 1.90546072e+08  6.89993318e-01 
 1.94984460e+08  6.78838189e-01 
 1.99526231e+08  6.67899337e-01 
 2.04173794e+08  6.57168542e-01 
 2.08929613e+08  6.46637783e-01 
 2.13796209e+08  6.36299271e-01 
 2.18776162e+08  6.26145467e-01 
 2.23872114e+08  6.16169098e-01 
 2.29086765e+08  6.06363177e-01 
 2.34422882e+08  5.96721010e-01 
 2.39883292e+08  5.87236206e-01 
 2.45470892e+08  5.77902684e-01 
 2.51188643e+08  5.68714677e-01 
 2.57039578e+08  5.59666732e-01 
 2.63026799e+08  5.50753710e-01 
 2.69153480e+08  5.41970784e-01 
 2.75422870e+08  5.33313438e-01 
 2.81838293e+08  5.24777454e-01 
 2.88403150e+08  5.16358913e-01 
 2.95120923e+08  5.08054182e-01 
 3.01995172e+08  4.99859906e-01 
 3.09029543e+08  4.91773000e-01 
 3.16227766e+08  4.83790635e-01 
 3.23593657e+08  4.75910228e-01 
 3.31131121e+08  4.68129430e-01 
 3.38844156e+08  4.60446114e-01 
 3.46736850e+08  4.52858362e-01 
 3.54813389e+08  4.45364449e-01 
 3.63078055e+08  4.37962835e-01 
 3.71535229e+08  4.30652151e-01 
 3.80189396e+08  4.23431182e-01 
 3.89045145e+08  4.16298857e-01 
 3.98107171e+08  4.09254240e-01 
 4.07380278e+08  4.02296509e-01 
 4.16869383e+08  3.95424954e-01 
 4.26579519e+08  3.88638957e-01 
 4.36515832e+08  3.81937988e-01 
 4.46683592e+08  3.75321589e-01 
 4.57088190e+08  3.68789367e-01 
 4.67735141e+08  3.62340985e-01 
 4.78630092e+08  3.55976149e-01 
 4.89778819e+08  3.49694604e-01 
 5.01187234e+08  3.43496126e-01 
 5.12861384e+08  3.37380512e-01 
 5.24807460e+08  3.31347573e-01 
 5.37031796e+08  3.25397133e-01 
 5.49540874e+08  3.19529018e-01 
 5.62341325e+08  3.13743053e-01 
 5.75439937e+08  3.08039058e-01 
 5.88843655e+08  3.02416844e-01 
 6.02559586e+08  2.96876208e-01 
 6.16595002e+08  2.91416931e-01 
 6.30957344e+08  2.86038775e-01 
 6.45654229e+08  2.80741482e-01 
 6.60693448e+08  2.75524771e-01 
 6.76082975e+08  2.70388336e-01 
 6.91830971e+08  2.65331844e-01 
 7.07945784e+08  2.60354939e-01 
 7.24435960e+08  2.55457234e-01 
 7.41310241e+08  2.50638319e-01 
 7.58577575e+08  2.45897754e-01 
 7.76247117e+08  2.41235072e-01 
 7.94328235e+08  2.36649779e-01 
 8.12830516e+08  2.32141355e-01 
 8.31763771e+08  2.27709256e-01 
 8.51138038e+08  2.23352910e-01 
 8.70963590e+08  2.19071724e-01 
 8.91250938e+08  2.14865080e-01 
 9.12010839e+08  2.10732341e-01 
 9.33254301e+08  2.06672846e-01 
 9.54992586e+08  2.02685918e-01 
 9.77237221e+08  1.98770861e-01 
 1.00000000e+09  1.94926961e-01 
